1 2 -3.78232 3.16113 4.24143
2 3 -4.34391 -4.44331 -4.04813
3 2 2.4049 0.858255 3.93102
4 3 2.57145 -1.46976 -2.71708
5 2 -2.20511 2.77936 4.57598
6 3 -3.29902 -1.41428 -4.20574
7 2 -2.21425 -3.00206 3.47079
8 3 -2.74197 3.92543 -2.31567
9 1 2.24734 2.4023 -0.931996
10 2 1.1456 0.184497 -2.69142
11 3 3.74434 -1.45447 4.56046
12 1 2.34975 2.37614 -2.29537
13 2 3.85962 3.65538 -1.22466
14 3 -3.69657 1.87637 0.871978
15 1 -1.42825 -1.6494 2.75756
16 1 -1.08306 0.236528 1.22181
17 1 0.506212 0.0665862 -0.550032
18 1 0.47467 -0.86041 1.30435
19 2 -3.50907 0.363213 -3.99323
20 3 0.565576 -2.94111 1.64255
21 1 2.31235 -0.808282 0.766319
22 5 -0.407103 -3.65437 -3.20654
23 6 0.446155 -3.64776 -3.13729
24 5 -0.678246 -2.43192 -2.34997
25 6 0.63924 -3.84439 2.2431
26 5 0.721386 -0.874462 -1.86953
27 6 3.58636 -2.9308 -0.780408
28 4 0.672038 2.14044 2.67143
29 5 0.0476464 2.04697 1.87375
30 6 -2.7236 -1.70674 -0.600979
31 4 1.50171 0.302865 -1.05676
32 5 -1.31141 -1.80234 1.4182
33 6 -3.40789 -0.400007 2.15203
34 4 -2.47658 -2.50576 -0.219252
35 5 1.21159 -0.338419 1.70259
36 6 -3.94853 1.91018 -4.07178
37 4 1.4617 1.34022 2.39288
38 5 1.5449 -1.42852 -3.0953
39 6 2.39301 4.50202 -1.4693
40 4 -0.493855 -2.0943 -1.90501
41 4 -1.25154 1.62681 -2.41002
42 4 -0.318073 1.61145 1.29328
1 2 -3.77378 3.16023 4.133
2 3 -4.33305 -4.34101 -4.13551
3 2 2.40409 0.859267 3.82463
4 3 2.64676 -1.51201 -2.80487
5 2 -2.20444 2.77272 4.47575
6 3 -3.29578 -1.41371 -4.12416
7 2 -2.20809 -2.99631 3.36808
8 3 -2.76251 3.94032 -2.26896
9 1 2.24091 2.40078 -0.931861
10 2 1.14474 0.184068 -2.77433
11 3 3.65772 -1.49821 4.44419
12 1 2.34723 2.37162 -2.29242
13 2 3.85505 3.65071 -1.31118
14 3 -3.69145 1.8399 0.910693
15 1 -1.42513 -1.64946 2.75182
16 1 -1.08274 0.239157 1.22011
17 1 0.504691 0.0663085 -0.549268
18 1 0.472267 -0.856726 1.30387
19 2 -3.50339 0.361099 -4.07337
20 3 0.596794 -2.92678 1.67795
21 1 2.31064 -0.808963 0.763221
22 5 -0.40593 -3.64773 -3.26062
23 6 0.446795 -3.63538 -3.03822
24 5 -0.679924 -2.52051 -2.24431
25 6 0.635234 -3.83805 2.33052
26 5 0.639208 -0.825837 -1.75852
27 6 3.57945 -2.92865 -0.684446
28 4 0.671151 2.13581 2.66323
29 5 0.0770902 2.03005 1.82678
30 6 -2.71755 -1.70325 -0.505796
31 4 1.49935 0.300149 -1.05641
32 5 -1.22962 -1.75291 1.5123
33 6 -3.4032 -0.402155 2.23334
34 4 -2.47502 -2.50402 -0.217609
35 5 1.20605 -0.302047 1.65795
36 6 -3.94162 1.9065 -3.96537
37 4 1.45858 1.34056 2.38595
38 5 1.51918 -1.44737 -3.12462
39 6 2.38848 4.49653 -1.37023
40 4 -0.491979 -2.09282 -1.90109
41 4 -1.25021 1.62431 -2.40672
42 4 -0.316535 1.608 1.29174
1 2 -3.74842 3.1578 3.99271
2 3 -4.30078 -4.22318 -4.19846
3 2 2.40183 0.862391 3.69055
4 3 2.70919 -1.54438 -2.86906
5 2 -2.20255 2.75295 4.36022
6 3 -3.28625 -1.41208 -4.00496
7 2 -2.18968 -2.9792 3.24498
8 3 -2.7738 3.94601 -2.20774
9 1 2.22345 2.39394 -0.93052
10 2 1.14225 0.182815 -2.83855
11 3 3.5618 -1.53522 4.29531
12 1 2.33987 2.35824 -2.2804
13 2 3.84166 3.63699 -1.38597
14 3 -3.66771 1.794 0.948281
15 1 -1.41801 -1.64715 2.73524
16 1 -1.08305 0.243887 1.21568
17 1 0.497257 0.0652114 -0.54591
18 1 0.468407 -0.845195 1.30305
19 2 -3.48671 0.354804 -4.12937
20 3 0.631226 -2.90819 1.70558
21 1 2.3069 -0.808397 0.755064
22 5 -0.402408 -3.62808 -3.29763
23 6 0.448839 -3.5984 -2.92605
24 5 -0.684977 -2.59754 -2.12682
25 6 0.623309 -3.81936 2.40809
26 5 0.556347 -0.774547 -1.62509
27 6 3.55896 -2.92238 -0.581507
28 4 0.671836 2.12148 2.6383
29 5 0.106174 2.00356 1.76471
30 6 -2.69959 -1.69289 -0.405136
31 4 1.49118 0.295151 -1.05596
32 5 -1.14795 -1.69918 1.59541
33 6 -3.38944 -0.408609 2.29272
34 4 -2.47047 -2.49899 -0.21611
35 5 1.19819 -0.256345 1.6028
36 6 -3.92112 1.89553 -3.83125
37 4 1.45053 1.33904 2.36424
38 5 1.49265 -1.46482 -3.13423
39 6 2.375 4.48043 -1.25804
40 4 -0.489294 -2.08827 -1.8905
41 4 -1.24845 1.61433 -2.39753
42 4 -0.310283 1.6002 1.28618
