  0.00000000E+00 -0.43549304E+01
  0.50633664E-01 -0.43688987E+01
  0.10126733E+00 -0.43739878E+01
  0.15190099E+00 -0.43705051E+01
  0.20253466E+00 -0.43593565E+01
  0.25316832E+00 -0.43419544E+01
  0.30380198E+00 -0.43201596E+01
  0.35443565E+00 -0.42961360E+01
  0.40506931E+00 -0.42721215E+01
  0.45570298E+00 -0.42504069E+01
  0.50633664E+00 -0.42337415E+01
  0.55697030E+00 -0.42260792E+01
  0.60760397E+00 -0.42342079E+01
  0.65823763E+00 -0.42651923E+01
  0.70887130E+00 -0.43007966E+01
  0.75950496E+00 -0.43275890E+01
  0.81013863E+00 -0.43567601E+01
  0.86077229E+00 -0.43911150E+01
  0.91140595E+00 -0.44191310E+01
  0.96203962E+00 -0.44332407E+01
  0.10126733E+01 -0.44300547E+01
  0.10633069E+01 -0.44088010E+01
  0.11139406E+01 -0.43706053E+01
  0.11645743E+01 -0.43186171E+01
  0.12152079E+01 -0.42584100E+01
  0.12658416E+01 -0.41981972E+01
  0.13164753E+01 -0.41487783E+01
  0.13671089E+01 -0.41222108E+01
  0.14177426E+01 -0.41275859E+01
  0.14683763E+01 -0.41662269E+01
  0.15190099E+01 -0.42318571E+01
  0.15696436E+01 -0.43149914E+01
  0.16202773E+01 -0.44065378E+01
  0.16709109E+01 -0.44992002E+01
  0.17215446E+01 -0.45875797E+01
  0.17721782E+01 -0.46677054E+01
  0.18228119E+01 -0.47365608E+01
  0.18734456E+01 -0.47919156E+01
  0.19240792E+01 -0.48322961E+01
  0.19747129E+01 -0.48568358E+01
  0.20253466E+01 -0.48650674E+01
  0.20763427E+01 -0.48567198E+01
  0.21273389E+01 -0.48318278E+01
  0.21783351E+01 -0.47908661E+01
  0.22293313E+01 -0.47347301E+01
  0.22803274E+01 -0.46648994E+01
  0.23313236E+01 -0.45835724E+01
  0.23823198E+01 -0.44937317E+01
  0.24333160E+01 -0.43992779E+01
  0.24843121E+01 -0.43053753E+01
  0.25353083E+01 -0.42188904E+01
  0.25863045E+01 -0.41484575E+01
  0.26373007E+01 -0.41032233E+01
  0.26882968E+01 -0.40891264E+01
  0.27392930E+01 -0.41042326E+01
  0.27902892E+01 -0.41385773E+01
  0.28412854E+01 -0.41793604E+01
  0.28922815E+01 -0.42153718E+01
  0.29432777E+01 -0.42379663E+01
  0.29942739E+01 -0.42408456E+01
  0.30452701E+01 -0.42211691E+01
  0.30962662E+01 -0.42225559E+01
  0.31472624E+01 -0.43208026E+01
  0.31982586E+01 -0.44023807E+01
  0.32492548E+01 -0.44603731E+01
  0.33002509E+01 -0.44945067E+01
  0.33512471E+01 -0.45055530E+01
  0.34022433E+01 -0.44952587E+01
  0.34532395E+01 -0.44663153E+01
  0.35042356E+01 -0.44222736E+01
  0.35552318E+01 -0.43682391E+01
  0.36062280E+01 -0.43393766E+01
  0.36572242E+01 -0.44505939E+01
  0.37082203E+01 -0.45636353E+01
  0.37592165E+01 -0.46616901E+01
  0.38102127E+01 -0.47428987E+01
  0.38612089E+01 -0.48066371E+01
  0.39122050E+01 -0.48524399E+01
  0.39632012E+01 -0.48799623E+01
  0.40141974E+01 -0.48891268E+01
  0.40620417E+01 -0.48787236E+01
  0.41098860E+01 -0.48475288E+01
  0.41577303E+01 -0.47961978E+01
  0.42055747E+01 -0.47268972E+01
  0.42534190E+01 -0.46431840E+01
  0.43012633E+01 -0.45494058E+01
  0.43491076E+01 -0.44509038E+01
  0.43969519E+01 -0.43549304E+01
  
  0.00000000E+00 -0.42335578E+01
  0.50633664E-01 -0.42513150E+01
  0.10126733E+00 -0.42603506E+01
  0.15190099E+00 -0.42607916E+01
  0.20253466E+00 -0.42534288E+01
  0.25316832E+00 -0.42396106E+01
  0.30380198E+00 -0.42211185E+01
  0.35443565E+00 -0.42000269E+01
  0.40506931E+00 -0.41785673E+01
  0.45570298E+00 -0.41591452E+01
  0.50633664E+00 -0.41446297E+01
  0.55697030E+00 -0.41395434E+01
  0.60760397E+00 -0.41720682E+01
  0.65823763E+00 -0.42157014E+01
  0.70887130E+00 -0.42480570E+01
  0.75950496E+00 -0.42745474E+01
  0.81013863E+00 -0.42839725E+01
  0.86077229E+00 -0.43101974E+01
  0.91140595E+00 -0.43379152E+01
  0.96203962E+00 -0.43508756E+01
  0.10126733E+01 -0.43455097E+01
  0.10633069E+01 -0.43207632E+01
  0.11139406E+01 -0.42772808E+01
  0.11645743E+01 -0.42173228E+01
  0.12152079E+01 -0.41449482E+01
  0.12658416E+01 -0.40662635E+01
  0.13164753E+01 -0.39898743E+01
  0.13671089E+01 -0.39273278E+01
  0.14177426E+01 -0.38918321E+01
  0.14683763E+01 -0.38930058E+01
  0.15190099E+01 -0.39308052E+01
  0.15696436E+01 -0.39963238E+01
  0.16202773E+01 -0.40779684E+01
  0.16709109E+01 -0.41657569E+01
  0.17215446E+01 -0.42523202E+01
  0.17721782E+01 -0.43324155E+01
  0.18228119E+01 -0.44021869E+01
  0.18734456E+01 -0.44587238E+01
  0.19240792E+01 -0.45000173E+01
  0.19747129E+01 -0.45250034E+01
  0.20253466E+01 -0.45333449E+01
  0.20763427E+01 -0.45248841E+01
  0.21273389E+01 -0.44995399E+01
  0.21783351E+01 -0.44576637E+01
  0.22293313E+01 -0.44003565E+01
  0.22803274E+01 -0.43296502E+01
  0.23313236E+01 -0.42484074E+01
  0.23823198E+01 -0.41603598E+01
  0.24333160E+01 -0.40705858E+01
  0.24843121E+01 -0.39862389E+01
  0.25353083E+01 -0.39169784E+01
  0.25863045E+01 -0.38740149E+01
  0.26373007E+01 -0.38659516E+01
  0.26882968E+01 -0.38925174E+01
  0.27392930E+01 -0.39434753E+01
  0.27902892E+01 -0.40046959E+01
  0.28412854E+01 -0.40637802E+01
  0.28922815E+01 -0.41116470E+01
  0.29432777E+01 -0.41418869E+01
  0.29942739E+01 -0.41498858E+01
  0.30452701E+01 -0.41336936E+01
  0.30962662E+01 -0.41673402E+01
  0.31472624E+01 -0.42604453E+01
  0.31982586E+01 -0.43430001E+01
  0.32492548E+01 -0.44013568E+01
  0.33002509E+01 -0.44355889E+01
  0.33512471E+01 -0.44466796E+01
  0.34022433E+01 -0.44362836E+01
  0.34532395E+01 -0.44068198E+01
  0.35042356E+01 -0.43615105E+01
  0.35552318E+01 -0.43046024E+01
  0.36062280E+01 -0.42835367E+01
  0.36572242E+01 -0.43703269E+01
  0.37082203E+01 -0.44834460E+01
  0.37592165E+01 -0.45810734E+01
  0.38102127E+01 -0.46616672E+01
  0.38612089E+01 -0.47247143E+01
  0.39122050E+01 -0.47700015E+01
  0.39632012E+01 -0.47973179E+01
  0.40141974E+01 -0.48064534E+01
  0.40620417E+01 -0.47956900E+01
  0.41098860E+01 -0.47636959E+01
  0.41577303E+01 -0.47113753E+01
  0.42055747E+01 -0.46403249E+01
  0.42534190E+01 -0.45530016E+01
  0.43012633E+01 -0.44528688E+01
  0.43491076E+01 -0.43444730E+01
  0.43969519E+01 -0.42335578E+01
  
  0.00000000E+00 -0.33721571E+01
  0.50633664E-01 -0.33970036E+01
  0.10126733E+00 -0.34218157E+01
  0.15190099E+00 -0.34502435E+01
  0.20253466E+00 -0.34874829E+01
  0.25316832E+00 -0.35392135E+01
  0.30380198E+00 -0.36092288E+01
  0.35443565E+00 -0.36969706E+01
  0.40506931E+00 -0.37971805E+01
  0.45570298E+00 -0.39020651E+01
  0.50633664E+00 -0.40035570E+01
  0.55697030E+00 -0.40930716E+01
  0.60760397E+00 -0.41391212E+01
  0.65823763E+00 -0.41785926E+01
  0.70887130E+00 -0.42156290E+01
  0.75950496E+00 -0.42367302E+01
  0.81013863E+00 -0.42626686E+01
  0.86077229E+00 -0.42459904E+01
  0.91140595E+00 -0.41895238E+01
  0.96203962E+00 -0.41065177E+01
  0.10126733E+01 -0.39997049E+01
  0.10633069E+01 -0.38714962E+01
  0.11139406E+01 -0.37247758E+01
  0.11645743E+01 -0.35634777E+01
  0.12152079E+01 -0.33933546E+01
  0.12658416E+01 -0.32242711E+01
  0.13164753E+01 -0.30839463E+01
  0.13671089E+01 -0.30100705E+01
  0.14177426E+01 -0.29434679E+01
  0.14683763E+01 -0.28508914E+01
  0.15190099E+01 -0.27321688E+01
  0.15696436E+01 -0.25942054E+01
  0.16202773E+01 -0.24443870E+01
  0.16709109E+01 -0.22896601E+01
  0.17215446E+01 -0.21369078E+01
  0.17721782E+01 -0.19928751E+01
  0.18228119E+01 -0.18638636E+01
  0.18734456E+01 -0.17556384E+01
  0.19240792E+01 -0.16734838E+01
  0.19747129E+01 -0.16219952E+01
  0.20253466E+01 -0.16044348E+01
  0.20763427E+01 -0.16222436E+01
  0.21273389E+01 -0.16744347E+01
  0.21783351E+01 -0.17576320E+01
  0.22293313E+01 -0.18670757E+01
  0.22803274E+01 -0.19972685E+01
  0.23313236E+01 -0.21421835E+01
  0.23823198E+01 -0.22952449E+01
  0.24333160E+01 -0.24494409E+01
  0.24843121E+01 -0.25975424E+01
  0.25353083E+01 -0.27320191E+01
  0.25863045E+01 -0.28445192E+01
  0.26373007E+01 -0.29263686E+01
  0.26882968E+01 -0.29725478E+01
  0.27392930E+01 -0.29968573E+01
  0.27902892E+01 -0.31578607E+01
  0.28412854E+01 -0.33650447E+01
  0.28922815E+01 -0.35664131E+01
  0.29432777E+01 -0.37547267E+01
  0.29942739E+01 -0.39257964E+01
  0.30452701E+01 -0.40743666E+01
  0.30962662E+01 -0.41422782E+01
  0.31472624E+01 -0.40886774E+01
  0.31982586E+01 -0.39900550E+01
  0.32492548E+01 -0.38718466E+01
  0.33002509E+01 -0.37559090E+01
  0.33512471E+01 -0.36994654E+01
  0.34022433E+01 -0.37572371E+01
  0.34532395E+01 -0.38837722E+01
  0.35042356E+01 -0.40289280E+01
  0.35552318E+01 -0.41725073E+01
  0.36062280E+01 -0.42469225E+01
  0.36572242E+01 -0.42305741E+01
  0.37082203E+01 -0.41696531E+01
  0.37592165E+01 -0.41137831E+01
  0.38102127E+01 -0.40667859E+01
  0.38612089E+01 -0.40303974E+01
  0.39122050E+01 -0.40049702E+01
  0.39632012E+01 -0.39900719E+01
  0.40141974E+01 -0.39851760E+01
  0.40620417E+01 -0.39741714E+01
  0.41098860E+01 -0.39413963E+01
  0.41577303E+01 -0.38876501E+01
  0.42055747E+01 -0.38143482E+01
  0.42534190E+01 -0.37233936E+01
  0.43012633E+01 -0.36171257E+01
  0.43491076E+01 -0.34986003E+01
  0.43969519E+01 -0.33721571E+01
  
  0.00000000E+00 -0.32080467E+01
  0.50633664E-01 -0.32383134E+01
  0.10126733E+00 -0.32735528E+01
  0.15190099E+00 -0.33170845E+01
  0.20253466E+00 -0.33727006E+01
  0.25316832E+00 -0.34433322E+01
  0.30380198E+00 -0.35294346E+01
  0.35443565E+00 -0.36283443E+01
  0.40506931E+00 -0.37350087E+01
  0.45570298E+00 -0.38431552E+01
  0.50633664E+00 -0.39463497E+01
  0.55697030E+00 -0.40387047E+01
  0.60760397E+00 -0.41135126E+01
  0.65823763E+00 -0.41505189E+01
  0.70887130E+00 -0.41806404E+01
  0.75950496E+00 -0.42150612E+01
  0.81013863E+00 -0.42183297E+01
  0.86077229E+00 -0.41848588E+01
  0.91140595E+00 -0.41243732E+01
  0.96203962E+00 -0.40384689E+01
  0.10126733E+01 -0.39287022E+01
  0.10633069E+01 -0.37971021E+01
  0.11139406E+01 -0.36460634E+01
  0.11645743E+01 -0.34785069E+01
  0.12152079E+01 -0.32983203E+01
  0.12658416E+01 -0.31111741E+01
  0.13164753E+01 -0.29520322E+01
  0.13671089E+01 -0.28340328E+01
  0.14177426E+01 -0.27824973E+01
  0.14683763E+01 -0.27313998E+01
  0.15190099E+01 -0.26426130E+01
  0.15696436E+01 -0.25217341E+01
  0.16202773E+01 -0.23799680E+01
  0.16709109E+01 -0.22284184E+01
  0.17215446E+01 -0.20765864E+01
  0.17721782E+01 -0.19324904E+01
  0.18228119E+01 -0.18030096E+01
  0.18734456E+01 -0.16942101E+01
  0.19240792E+01 -0.16115561E+01
  0.19747129E+01 -0.15966455E+01
  0.20253466E+01 -0.16044346E+01
  0.20763427E+01 -0.15965356E+01
  0.21273389E+01 -0.16125112E+01
  0.21783351E+01 -0.16962064E+01
  0.22293313E+01 -0.18062171E+01
  0.22803274E+01 -0.19368760E+01
  0.23313236E+01 -0.20818787E+01
  0.23823198E+01 -0.22341015E+01
  0.24333160E+01 -0.23853007E+01
  0.24843121E+01 -0.25256727E+01
  0.25353083E+01 -0.26435118E+01
  0.25863045E+01 -0.27264583E+01
  0.26373007E+01 -0.27664280E+01
  0.26882968E+01 -0.27716343E+01
  0.27392930E+01 -0.29273579E+01
  0.27902892E+01 -0.30877567E+01
  0.28412854E+01 -0.33011582E+01
  0.28922815E+01 -0.35053528E+01
  0.29432777E+01 -0.36953936E+01
  0.29942739E+01 -0.38677267E+01
  0.30452701E+01 -0.40193816E+01
  0.30962662E+01 -0.40830990E+01
  0.31472624E+01 -0.40113391E+01
  0.31982586E+01 -0.39135115E+01
  0.32492548E+01 -0.37978332E+01
  0.33002509E+01 -0.36848675E+01
  0.33512471E+01 -0.36295825E+01
  0.34022433E+01 -0.36868913E+01
  0.34532395E+01 -0.38124467E+01
  0.35042356E+01 -0.39568655E+01
  0.35552318E+01 -0.41015551E+01
  0.36062280E+01 -0.42255824E+01
  0.36572242E+01 -0.41644440E+01
  0.37082203E+01 -0.40945534E+01
  0.37592165E+01 -0.40287979E+01
  0.38102127E+01 -0.39710152E+01
  0.38612089E+01 -0.39239534E+01
  0.39122050E+01 -0.38894765E+01
  0.39632012E+01 -0.38685981E+01
  0.40141974E+01 -0.38616315E+01
  0.40620417E+01 -0.38503143E+01
  0.41098860E+01 -0.38164209E+01
  0.41577303E+01 -0.37603965E+01
  0.42055747E+01 -0.36834443E+01
  0.42534190E+01 -0.35874189E+01
  0.43012633E+01 -0.34744574E+01
  0.43491076E+01 -0.33469470E+01
  0.43969519E+01 -0.32080467E+01
  
  0.00000000E+00 -0.30696720E+01
  0.50633664E-01 -0.30737624E+01
  0.10126733E+00 -0.30713384E+01
  0.15190099E+00 -0.30618356E+01
  0.20253466E+00 -0.30447260E+01
  0.25316832E+00 -0.30197100E+01
  0.30380198E+00 -0.29871157E+01
  0.35443565E+00 -0.29484080E+01
  0.40506931E+00 -0.29070253E+01
  0.45570298E+00 -0.28699759E+01
  0.50633664E+00 -0.28500898E+01
  0.55697030E+00 -0.28643385E+01
  0.60760397E+00 -0.29176820E+01
  0.65823763E+00 -0.29904201E+01
  0.70887130E+00 -0.30569052E+01
  0.75950496E+00 -0.31023988E+01
  0.81013863E+00 -0.31231993E+01
  0.86077229E+00 -0.31222300E+01
  0.91140595E+00 -0.31053970E+01
  0.96203962E+00 -0.30793744E+01
  0.10126733E+01 -0.30505824E+01
  0.10633069E+01 -0.30247226E+01
  0.11139406E+01 -0.30060657E+01
  0.11645743E+01 -0.29962678E+01
  0.12152079E+01 -0.29929093E+01
  0.12658416E+01 -0.29862185E+01
  0.13164753E+01 -0.29208945E+01
  0.13671089E+01 -0.28049720E+01
  0.14177426E+01 -0.26848048E+01
  0.14683763E+01 -0.25456889E+01
  0.15190099E+01 -0.24114889E+01
  0.15696436E+01 -0.22791121E+01
  0.16202773E+01 -0.21460973E+01
  0.16709109E+01 -0.20119170E+01
  0.17215446E+01 -0.18774731E+01
  0.17721782E+01 -0.17447596E+01
  0.18228119E+01 -0.16173573E+01
  0.18734456E+01 -0.15351848E+01
  0.19240792E+01 -0.15734181E+01
  0.19747129E+01 -0.15597407E+01
  0.20253466E+01 -0.15420675E+01
  0.20763427E+01 -0.15599906E+01
  0.21273389E+01 -0.15729984E+01
  0.21783351E+01 -0.15343515E+01
  0.22293313E+01 -0.16199913E+01
  0.22803274E+01 -0.17467712E+01
  0.23313236E+01 -0.18770020E+01
  0.23823198E+01 -0.20063254E+01
  0.24333160E+01 -0.21318880E+01
  0.24843121E+01 -0.22518272E+01
  0.25353083E+01 -0.23660469E+01
  0.25863045E+01 -0.24785902E+01
  0.26373007E+01 -0.26011781E+01
  0.26882968E+01 -0.27488933E+01
  0.27392930E+01 -0.28709342E+01
  0.27902892E+01 -0.29568065E+01
  0.28412854E+01 -0.29321420E+01
  0.28922815E+01 -0.29022537E+01
  0.29432777E+01 -0.28752431E+01
  0.29942739E+01 -0.28558183E+01
  0.30452701E+01 -0.28475100E+01
  0.30962662E+01 -0.28530998E+01
  0.31472624E+01 -0.28764115E+01
  0.31982586E+01 -0.29278306E+01
  0.32492548E+01 -0.30210336E+01
  0.33002509E+01 -0.31307719E+01
  0.33512471E+01 -0.31843598E+01
  0.34022433E+01 -0.31402996E+01
  0.34532395E+01 -0.30869907E+01
  0.35042356E+01 -0.30774202E+01
  0.35552318E+01 -0.30926472E+01
  0.36062280E+01 -0.31176430E+01
  0.36572242E+01 -0.31459831E+01
  0.37082203E+01 -0.31744377E+01
  0.37592165E+01 -0.32011114E+01
  0.38102127E+01 -0.32247313E+01
  0.38612089E+01 -0.32442242E+01
  0.39122050E+01 -0.32586336E+01
  0.39632012E+01 -0.32673594E+01
  0.40141974E+01 -0.32702590E+01
  0.40620417E+01 -0.32652585E+01
  0.41098860E+01 -0.32506505E+01
  0.41577303E+01 -0.32276739E+01
  0.42055747E+01 -0.31985186E+01
  0.42534190E+01 -0.31661862E+01
  0.43012633E+01 -0.31336702E+01
  0.43491076E+01 -0.31023322E+01
  0.43969519E+01 -0.30696720E+01
  
  0.00000000E+00 -0.28258488E+01
  0.50633664E-01 -0.28255335E+01
  0.10126733E+00 -0.28170580E+01
  0.15190099E+00 -0.27998099E+01
  0.20253466E+00 -0.27735231E+01
  0.25316832E+00 -0.27385309E+01
  0.30380198E+00 -0.26959019E+01
  0.35443565E+00 -0.26476923E+01
  0.40506931E+00 -0.25977533E+01
  0.45570298E+00 -0.25539746E+01
  0.50633664E+00 -0.25335609E+01
  0.55697030E+00 -0.25634751E+01
  0.60760397E+00 -0.26442947E+01
  0.65823763E+00 -0.27380767E+01
  0.70887130E+00 -0.28150110E+01
  0.75950496E+00 -0.28635624E+01
  0.81013863E+00 -0.28828627E+01
  0.86077229E+00 -0.28772991E+01
  0.91140595E+00 -0.28533918E+01
  0.96203962E+00 -0.28183242E+01
  0.10126733E+01 -0.27794895E+01
  0.10633069E+01 -0.27442101E+01
  0.11139406E+01 -0.27189791E+01
  0.11645743E+01 -0.27082169E+01
  0.12152079E+01 -0.27129876E+01
  0.12658416E+01 -0.27294501E+01
  0.13164753E+01 -0.27437542E+01
  0.13671089E+01 -0.26820568E+01
  0.14177426E+01 -0.25131461E+01
  0.14683763E+01 -0.23375460E+01
  0.15190099E+01 -0.21677518E+01
  0.15696436E+01 -0.20021404E+01
  0.16202773E+01 -0.18372327E+01
  0.16709109E+01 -0.16704556E+01
  0.17215446E+01 -0.15007270E+01
  0.17721782E+01 -0.14160512E+01
  0.18228119E+01 -0.14822700E+01
  0.18734456E+01 -0.15009624E+01
  0.19240792E+01 -0.15112280E+01
  0.19747129E+01 -0.15343239E+01
  0.20253466E+01 -0.15420674E+01
  0.20763427E+01 -0.15342149E+01
  0.21273389E+01 -0.15108129E+01
  0.21783351E+01 -0.15030451E+01
  0.22293313E+01 -0.14808657E+01
  0.22803274E+01 -0.14142708E+01
  0.23313236E+01 -0.14967249E+01
  0.23823198E+01 -0.16587170E+01
  0.24333160E+01 -0.18138192E+01
  0.24843121E+01 -0.19630138E+01
  0.25353083E+01 -0.21107975E+01
  0.25863045E+01 -0.22672336E+01
  0.26373007E+01 -0.24445408E+01
  0.26882968E+01 -0.26413816E+01
  0.27392930E+01 -0.27199646E+01
  0.27902892E+01 -0.26770236E+01
  0.28412854E+01 -0.26291197E+01
  0.28922815E+01 -0.25867816E+01
  0.29432777E+01 -0.25544905E+01
  0.29942739E+01 -0.25359576E+01
  0.30452701E+01 -0.25370972E+01
  0.30962662E+01 -0.25684606E+01
  0.31472624E+01 -0.26470217E+01
  0.31982586E+01 -0.27750335E+01
  0.32492548E+01 -0.29234680E+01
  0.33002509E+01 -0.30559562E+01
  0.33512471E+01 -0.31160124E+01
  0.34022433E+01 -0.30602466E+01
  0.34532395E+01 -0.29597614E+01
  0.35042356E+01 -0.28925719E+01
  0.35552318E+01 -0.28720520E+01
  0.36062280E+01 -0.28794637E+01
  0.36572242E+01 -0.29001314E+01
  0.37082203E+01 -0.29262805E+01
  0.37592165E+01 -0.29534364E+01
  0.38102127E+01 -0.29786798E+01
  0.38612089E+01 -0.30000219E+01
  0.39122050E+01 -0.30161168E+01
  0.39632012E+01 -0.30260942E+01
  0.40141974E+01 -0.30294709E+01
  0.40620417E+01 -0.30235415E+01
  0.41098860E+01 -0.30063096E+01
  0.41577303E+01 -0.29794876E+01
  0.42055747E+01 -0.29459767E+01
  0.42534190E+01 -0.29097273E+01
  0.43012633E+01 -0.28752836E+01
  0.43491076E+01 -0.28467546E+01
  0.43969519E+01 -0.28258488E+01
  
  0.00000000E+00 -0.18623641E+01
  0.50633664E-01 -0.19067197E+01
  0.10126733E+00 -0.19983934E+01
  0.15190099E+00 -0.21133060E+01
  0.20253466E+00 -0.22275586E+01
  0.25316832E+00 -0.23245959E+01
  0.30380198E+00 -0.23945618E+01
  0.35443565E+00 -0.24340977E+01
  0.40506931E+00 -0.24459009E+01
  0.45570298E+00 -0.24366508E+01
  0.50633664E+00 -0.24142062E+01
  0.55697030E+00 -0.23842399E+01
  0.60760397E+00 -0.23473492E+01
  0.65823763E+00 -0.23050602E+01
  0.70887130E+00 -0.22666092E+01
  0.75950496E+00 -0.22433183E+01
  0.81013863E+00 -0.22412241E+01
  0.86077229E+00 -0.22587484E+01
  0.91140595E+00 -0.22888205E+01
  0.96203962E+00 -0.23227766E+01
  0.10126733E+01 -0.23532157E+01
  0.10633069E+01 -0.23746943E+01
  0.11139406E+01 -0.23832019E+01
  0.11645743E+01 -0.23755574E+01
  0.12152079E+01 -0.23487031E+01
  0.12658416E+01 -0.22988213E+01
  0.13164753E+01 -0.22212724E+01
  0.13671089E+01 -0.21123912E+01
  0.14177426E+01 -0.19724736E+01
  0.14683763E+01 -0.18072469E+01
  0.15190099E+01 -0.16261686E+01
  0.15696436E+01 -0.14395780E+01
  0.16202773E+01 -0.12571602E+01
  0.16709109E+01 -0.12510295E+01
  0.17215446E+01 -0.13379999E+01
  0.17721782E+01 -0.13547805E+01
  0.18228119E+01 -0.14205736E+01
  0.18734456E+01 -0.14730397E+01
  0.19240792E+01 -0.14041050E+01
  0.19747129E+01 -0.13378357E+01
  0.20253466E+01 -0.13138854E+01
  0.20763427E+01 -0.13381676E+01
  0.21273389E+01 -0.14052657E+01
  0.21783351E+01 -0.14721476E+01
  0.22293313E+01 -0.14192004E+01
  0.22803274E+01 -0.13530988E+01
  0.23313236E+01 -0.13362429E+01
  0.23823198E+01 -0.12505233E+01
  0.24333160E+01 -0.13293839E+01
  0.24843121E+01 -0.15396161E+01
  0.25353083E+01 -0.17579449E+01
  0.25863045E+01 -0.19731732E+01
  0.26373007E+01 -0.21680665E+01
  0.26882968E+01 -0.23190171E+01
  0.27392930E+01 -0.24143444E+01
  0.27902892E+01 -0.24647884E+01
  0.28412854E+01 -0.24845076E+01
  0.28922815E+01 -0.24826784E+01
  0.29432777E+01 -0.24647232E+01
  0.29942739E+01 -0.24337373E+01
  0.30452701E+01 -0.23930673E+01
  0.30962662E+01 -0.23691664E+01
  0.31472624E+01 -0.24901684E+01
  0.31982586E+01 -0.26373598E+01
  0.32492548E+01 -0.27378598E+01
  0.33002509E+01 -0.27892701E+01
  0.33512471E+01 -0.28069964E+01
  0.34022433E+01 -0.27784591E+01
  0.34532395E+01 -0.26614582E+01
  0.35042356E+01 -0.24554935E+01
  0.35552318E+01 -0.22249859E+01
  0.36062280E+01 -0.22358077E+01
  0.36572242E+01 -0.22587197E+01
  0.37082203E+01 -0.22686551E+01
  0.37592165E+01 -0.22650441E+01
  0.38102127E+01 -0.22500466E+01
  0.38612089E+01 -0.22286547E+01
  0.39122050E+01 -0.22078158E+01
  0.39632012E+01 -0.21935031E+01
  0.40141974E+01 -0.21885247E+01
  0.40620417E+01 -0.21833609E+01
  0.41098860E+01 -0.21677641E+01
  0.41577303E+01 -0.21416377E+01
  0.42055747E+01 -0.21051709E+01
  0.42534190E+01 -0.20587157E+01
  0.43012633E+01 -0.20025361E+01
  0.43491076E+01 -0.19369065E+01
  0.43969519E+01 -0.18623641E+01
  
  0.00000000E+00 -0.18100052E+01
  0.50633664E-01 -0.18507420E+01
  0.10126733E+00 -0.19258933E+01
  0.15190099E+00 -0.20141461E+01
  0.20253466E+00 -0.20996935E+01
  0.25316832E+00 -0.21703481E+01
  0.30380198E+00 -0.22189698E+01
  0.35443565E+00 -0.22438744E+01
  0.40506931E+00 -0.22476796E+01
  0.45570298E+00 -0.22360700E+01
  0.50633664E+00 -0.22172756E+01
  0.55697030E+00 -0.21974254E+01
  0.60760397E+00 -0.21710726E+01
  0.65823763E+00 -0.21395497E+01
  0.70887130E+00 -0.21141518E+01
  0.75950496E+00 -0.21023521E+01
  0.81013863E+00 -0.21059015E+01
  0.86077229E+00 -0.21224298E+01
  0.91140595E+00 -0.21469965E+01
  0.96203962E+00 -0.21737299E+01
  0.10126733E+01 -0.21970650E+01
  0.10633069E+01 -0.22122994E+01
  0.11139406E+01 -0.22158128E+01
  0.11645743E+01 -0.22050718E+01
  0.12152079E+01 -0.21780264E+01
  0.12658416E+01 -0.21321885E+01
  0.13164753E+01 -0.20644483E+01
  0.13671089E+01 -0.19718667E+01
  0.14177426E+01 -0.18529783E+01
  0.14683763E+01 -0.17093307E+01
  0.15190099E+01 -0.15464317E+01
  0.15696436E+01 -0.13728702E+01
  0.16202773E+01 -0.11985271E+01
  0.16709109E+01 -0.11908852E+01
  0.17215446E+01 -0.12771374E+01
  0.17721782E+01 -0.13279097E+01
  0.18228119E+01 -0.11535560E+01
  0.18734456E+01 -0.97893728E+00
  0.19240792E+01 -0.80673023E+00
  0.19747129E+01 -0.64079579E+00
  0.20253466E+01 -0.50594872E+00
  0.20763427E+01 -0.64193334E+00
  0.21273389E+01 -0.80898093E+00
  0.21783351E+01 -0.98182048E+00
  0.22293313E+01 -0.11560531E+01
  0.22803274E+01 -0.13282764E+01
  0.23313236E+01 -0.12754691E+01
  0.23823198E+01 -0.11907124E+01
  0.24333160E+01 -0.12715613E+01
  0.24843121E+01 -0.14745156E+01
  0.25353083E+01 -0.16785497E+01
  0.25863045E+01 -0.18668630E+01
  0.26373007E+01 -0.20203342E+01
  0.26882968E+01 -0.21307141E+01
  0.27392930E+01 -0.22035214E+01
  0.27902892E+01 -0.22467409E+01
  0.28412854E+01 -0.22664301E+01
  0.28922815E+01 -0.22676690E+01
  0.29432777E+01 -0.22549990E+01
  0.29942739E+01 -0.22317705E+01
  0.30452701E+01 -0.22028240E+01
  0.30962662E+01 -0.22506842E+01
  0.31472624E+01 -0.23204835E+01
  0.31982586E+01 -0.23913714E+01
  0.32492548E+01 -0.24335895E+01
  0.33002509E+01 -0.24594027E+01
  0.33512471E+01 -0.24695940E+01
  0.34022433E+01 -0.24536242E+01
  0.34532395E+01 -0.23859728E+01
  0.35042356E+01 -0.22403827E+01
  0.35552318E+01 -0.21684425E+01
  0.36062280E+01 -0.20991684E+01
  0.36572242E+01 -0.21299362E+01
  0.37082203E+01 -0.21519594E+01
  0.37592165E+01 -0.21637898E+01
  0.38102127E+01 -0.21660251E+01
  0.38612089E+01 -0.21604927E+01
  0.39122050E+01 -0.21501811E+01
  0.39632012E+01 -0.21399862E+01
  0.40141974E+01 -0.21356988E+01
  0.40620417E+01 -0.21305274E+01
  0.41098860E+01 -0.21149389E+01
  0.41577303E+01 -0.20888746E+01
  0.42055747E+01 -0.20524988E+01
  0.42534190E+01 -0.20061117E+01
  0.43012633E+01 -0.19499790E+01
  0.43491076E+01 -0.18844237E+01
  0.43969519E+01 -0.18100052E+01
  
  0.00000000E+00 -0.98686249E+00
  0.50633664E-01 -0.97486887E+00
  0.10126733E+00 -0.92818069E+00
  0.15190099E+00 -0.87713918E+00
  0.20253466E+00 -0.88458021E+00
  0.25316832E+00 -0.10383318E+01
  0.30380198E+00 -0.12388085E+01
  0.35443565E+00 -0.14500970E+01
  0.40506931E+00 -0.16583471E+01
  0.45570298E+00 -0.18481003E+01
  0.50633664E+00 -0.19983103E+01
  0.55697030E+00 -0.20858755E+01
  0.60760397E+00 -0.21059066E+01
  0.65823763E+00 -0.20777910E+01
  0.70887130E+00 -0.20209395E+01
  0.75950496E+00 -0.19454691E+01
  0.81013863E+00 -0.18575296E+01
  0.86077229E+00 -0.17619675E+01
  0.91140595E+00 -0.16624190E+01
  0.96203962E+00 -0.15614951E+01
  0.10126733E+01 -0.14610049E+01
  0.10633069E+01 -0.13617480E+01
  0.11139406E+01 -0.12634780E+01
  0.11645743E+01 -0.11658232E+01
  0.12152079E+01 -0.10700350E+01
  0.12658416E+01 -0.98092930E+00
  0.13164753E+01 -0.90839373E+00
  0.13671089E+01 -0.86649273E+00
  0.14177426E+01 -0.86639138E+00
  0.14683763E+01 -0.90713020E+00
  0.15190099E+01 -0.97740538E+00
  0.15696436E+01 -0.10642621E+01
  0.16202773E+01 -0.11569351E+01
  0.16709109E+01 -0.10839923E+01
  0.17215446E+01 -0.92931849E+00
  0.17721782E+01 -0.79451059E+00
  0.18228119E+01 -0.68217632E+00
  0.18734456E+01 -0.59385221E+00
  0.19240792E+01 -0.53047849E+00
  0.19747129E+01 -0.49245563E+00
  0.20253466E+01 -0.47979826E+00
  0.20763427E+01 -0.49265817E+00
  0.21273389E+01 -0.53163748E+00
  0.21783351E+01 -0.59759237E+00
  0.22293313E+01 -0.69117135E+00
  0.22803274E+01 -0.81243058E+00
  0.23313236E+01 -0.96061341E+00
  0.23823198E+01 -0.11331429E+01
  0.24333160E+01 -0.11600547E+01
  0.24843121E+01 -0.10736940E+01
  0.25353083E+01 -0.99916890E+00
  0.25863045E+01 -0.94958603E+00
  0.26373007E+01 -0.94023531E+00
  0.26882968E+01 -0.98197358E+00
  0.27392930E+01 -0.10734521E+01
  0.27902892E+01 -0.12034259E+01
  0.28412854E+01 -0.13594538E+01
  0.28922815E+01 -0.15322694E+01
  0.29432777E+01 -0.17154743E+01
  0.29942739E+01 -0.19039157E+01
  0.30452701E+01 -0.20910556E+01
  0.30962662E+01 -0.22153155E+01
  0.31472624E+01 -0.22410201E+01
  0.31982586E+01 -0.21777927E+01
  0.32492548E+01 -0.21142105E+01
  0.33002509E+01 -0.20667907E+01
  0.33512471E+01 -0.20493019E+01
  0.34022433E+01 -0.20651855E+01
  0.34532395E+01 -0.21035873E+01
  0.35042356E+01 -0.21493893E+01
  0.35552318E+01 -0.20735695E+01
  0.36062280E+01 -0.19143157E+01
  0.36572242E+01 -0.16299440E+01
  0.37082203E+01 -0.13680573E+01
  0.37592165E+01 -0.12389640E+01
  0.38102127E+01 -0.12191156E+01
  0.38612089E+01 -0.12235971E+01
  0.39122050E+01 -0.12348441E+01
  0.39632012E+01 -0.12450575E+01
  0.40141974E+01 -0.12491012E+01
  0.40620417E+01 -0.12453126E+01
  0.41098860E+01 -0.12339084E+01
  0.41577303E+01 -0.12146412E+01
  0.42055747E+01 -0.11869635E+01
  0.42534190E+01 -0.11503315E+01
  0.43012633E+01 -0.11046047E+01
  0.43491076E+01 -0.10500168E+01
  0.43969519E+01 -0.98686249E+00
  
  0.00000000E+00 -0.51302258E+00
  0.50633664E-01 -0.51452327E+00
  0.10126733E+00 -0.51607539E+00
  0.15190099E+00 -0.62969446E+00
  0.20253466E+00 -0.76474697E+00
  0.25316832E+00 -0.95102338E+00
  0.30380198E+00 -0.11582792E+01
  0.35443565E+00 -0.13735078E+01
  0.40506931E+00 -0.15857597E+01
  0.45570298E+00 -0.17790843E+01
  0.50633664E+00 -0.19268242E+01
  0.55697030E+00 -0.19950990E+01
  0.60760397E+00 -0.19868205E+01
  0.65823763E+00 -0.19376949E+01
  0.70887130E+00 -0.18682772E+01
  0.75950496E+00 -0.17873024E+01
  0.81013863E+00 -0.16999554E+01
  0.86077229E+00 -0.16098144E+01
  0.91140595E+00 -0.15191981E+01
  0.96203962E+00 -0.14295546E+01
  0.10126733E+01 -0.13417647E+01
  0.10633069E+01 -0.12559220E+01
  0.11139406E+01 -0.11710117E+01
  0.11645743E+01 -0.10855832E+01
  0.12152079E+01 -0.99983116E+00
  0.12658416E+01 -0.91821530E+00
  0.13164753E+01 -0.85097021E+00
  0.13671089E+01 -0.81216035E+00
  0.14177426E+01 -0.81251723E+00
  0.14683763E+01 -0.85194052E+00
  0.15190099E+01 -0.92056495E+00
  0.15696436E+01 -0.10060588E+01
  0.16202773E+01 -0.10981611E+01
  0.16709109E+01 -0.10305403E+01
  0.17215446E+01 -0.87759486E+00
  0.17721782E+01 -0.74362064E+00
  0.18228119E+01 -0.63164013E+00
  0.18734456E+01 -0.54348904E+00
  0.19240792E+01 -0.48022143E+00
  0.19747129E+01 -0.44883972E+00
  0.20253466E+01 -0.47979811E+00
  0.20763427E+01 -0.44863360E+00
  0.21273389E+01 -0.48139217E+00
  0.21783351E+01 -0.54723983E+00
  0.22293313E+01 -0.64063577E+00
  0.22803274E+01 -0.76152732E+00
  0.23313236E+01 -0.90889758E+00
  0.23823198E+01 -0.10802223E+01
  0.24333160E+01 -0.11011169E+01
  0.24843121E+01 -0.10157935E+01
  0.25353083E+01 -0.94281762E+00
  0.25863045E+01 -0.89514205E+00
  0.26373007E+01 -0.88754805E+00
  0.26882968E+01 -0.93017868E+00
  0.27392930E+01 -0.10218112E+01
  0.27902892E+01 -0.11516486E+01
  0.28412854E+01 -0.13070177E+01
  0.28922815E+01 -0.14779907E+01
  0.29432777E+01 -0.16573450E+01
  0.29942739E+01 -0.18384688E+01
  0.30452701E+01 -0.20103951E+01
  0.30962662E+01 -0.21107422E+01
  0.31472624E+01 -0.20782370E+01
  0.31982586E+01 -0.20265097E+01
  0.32492548E+01 -0.19786377E+01
  0.33002509E+01 -0.19450838E+01
  0.33512471E+01 -0.19331746E+01
  0.34022433E+01 -0.19442751E+01
  0.34532395E+01 -0.19731800E+01
  0.35042356E+01 -0.20108320E+01
  0.35552318E+01 -0.20009951E+01
  0.36062280E+01 -0.17544904E+01
  0.36572242E+01 -0.14761997E+01
  0.37082203E+01 -0.11945454E+01
  0.37592165E+01 -0.97203713E+00
  0.38102127E+01 -0.79995591E+00
  0.38612089E+01 -0.77588453E+00
  0.39122050E+01 -0.77279877E+00
  0.39632012E+01 -0.77401903E+00
  0.40141974E+01 -0.77486907E+00
  0.40620417E+01 -0.77104019E+00
  0.41098860E+01 -0.75944436E+00
  0.41577303E+01 -0.73975484E+00
  0.42055747E+01 -0.71155411E+00
  0.42534190E+01 -0.67462403E+00
  0.43012633E+01 -0.62907938E+00
  0.43491076E+01 -0.57515757E+00
  0.43969519E+01 -0.51302258E+00
  
  0.00000000E+00 -0.32928052E+00
  0.50633664E-01 -0.36945475E+00
  0.10126733E+00 -0.48048033E+00
  0.15190099E+00 -0.59440435E+00
  0.20253466E+00 -0.73548860E+00
  0.25316832E+00 -0.74434765E+00
  0.30380198E+00 -0.73789652E+00
  0.35443565E+00 -0.75053241E+00
  0.40506931E+00 -0.78529286E+00
  0.45570298E+00 -0.84001790E+00
  0.50633664E+00 -0.90984279E+00
  0.55697030E+00 -0.98839417E+00
  0.60760397E+00 -0.10684073E+01
  0.65823763E+00 -0.11414849E+01
  0.70887130E+00 -0.11981251E+01
  0.75950496E+00 -0.12294662E+01
  0.81013863E+00 -0.12304060E+01
  0.86077229E+00 -0.12015848E+01
  0.91140595E+00 -0.11481859E+01
  0.96203962E+00 -0.10769979E+01
  0.10126733E+01 -0.99439612E+00
  0.10633069E+01 -0.90568167E+00
  0.11139406E+01 -0.81499865E+00
  0.11645743E+01 -0.72550050E+00
  0.12152079E+01 -0.63976682E+00
  0.12658416E+01 -0.56025187E+00
  0.13164753E+01 -0.48929031E+00
  0.13671089E+01 -0.42812385E+00
  0.14177426E+01 -0.37579824E+00
  0.14683763E+01 -0.33103289E+00
  0.15190099E+01 -0.29475150E+00
  0.15696436E+01 -0.26897091E+00
  0.16202773E+01 -0.25519278E+00
  0.16709109E+01 -0.25429847E+00
  0.17215446E+01 -0.26679057E+00
  0.17721782E+01 -0.29230426E+00
  0.18228119E+01 -0.32871034E+00
  0.18734456E+01 -0.37171702E+00
  0.19240792E+01 -0.41473834E+00
  0.19747129E+01 -0.44224227E+00
  0.20253466E+01 -0.42962025E+00
  0.20763427E+01 -0.44244192E+00
  0.21273389E+01 -0.41374832E+00
  0.21783351E+01 -0.36878803E+00
  0.22293313E+01 -0.32195017E+00
  0.22803274E+01 -0.27918398E+00
  0.23313236E+01 -0.24441276E+00
  0.23823198E+01 -0.21987774E+00
  0.24333160E+01 -0.20667167E+00
  0.24843121E+01 -0.20538538E+00
  0.25353083E+01 -0.21614756E+00
  0.25863045E+01 -0.23827649E+00
  0.26373007E+01 -0.27093556E+00
  0.26882968E+01 -0.31525693E+00
  0.27392930E+01 -0.37396669E+00
  0.27902892E+01 -0.44773494E+00
  0.28412854E+01 -0.53480724E+00
  0.28922815E+01 -0.63284512E+00
  0.29432777E+01 -0.73950148E+00
  0.29942739E+01 -0.85216538E+00
  0.30452701E+01 -0.96791258E+00
  0.30962662E+01 -0.10836628E+01
  0.31472624E+01 -0.11958951E+01
  0.31982586E+01 -0.12996492E+01
  0.32492548E+01 -0.13872067E+01
  0.33002509E+01 -0.14473774E+01
  0.33512471E+01 -0.14686935E+01
  0.34022433E+01 -0.14497722E+01
  0.34532395E+01 -0.14035413E+01
  0.35042356E+01 -0.13463323E+01
  0.35552318E+01 -0.12896552E+01
  0.36062280E+01 -0.12395286E+01
  0.36572242E+01 -0.11962353E+01
  0.37082203E+01 -0.11401183E+01
  0.37592165E+01 -0.93372106E+00
  0.38102127E+01 -0.71672898E+00
  0.38612089E+01 -0.46755022E+00
  0.39122050E+01 -0.24219741E+00
  0.39632012E+01 -0.51939037E-01
  0.40141974E+01  0.56250870E-01
  0.40620417E+01  0.50052490E-01
  0.41098860E+01  0.31711734E-01
  0.41577303E+01  0.15669469E-02
  0.42055747E+01 -0.40533291E-01
  0.42534190E+01 -0.95007380E-01
  0.43012633E+01 -0.16183738E+00
  0.43491076E+01 -0.24031311E+00
  0.43969519E+01 -0.32928052E+00
  
  0.00000000E+00 -0.27478611E+00
  0.50633664E-01 -0.30511964E+00
  0.10126733E+00 -0.38422194E+00
  0.15190099E+00 -0.40627185E+00
  0.20253466E+00 -0.38303568E+00
  0.25316832E+00 -0.36427354E+00
  0.30380198E+00 -0.36212345E+00
  0.35443565E+00 -0.38046013E+00
  0.40506931E+00 -0.41925830E+00
  0.45570298E+00 -0.47554236E+00
  0.50633664E+00 -0.54413213E+00
  0.55697030E+00 -0.61854909E+00
  0.60760397E+00 -0.69164761E+00
  0.65823763E+00 -0.75582248E+00
  0.70887130E+00 -0.80348691E+00
  0.75950496E+00 -0.82840735E+00
  0.81013863E+00 -0.82734885E+00
  0.86077229E+00 -0.80082810E+00
  0.91140595E+00 -0.75239800E+00
  0.96203962E+00 -0.68704662E+00
  0.10126733E+01 -0.60979696E+00
  0.10633069E+01 -0.52509350E+00
  0.11139406E+01 -0.43676659E+00
  0.11645743E+01 -0.34816252E+00
  0.12152079E+01 -0.26240157E+00
  0.12658416E+01 -0.18285753E+00
  0.13164753E+01 -0.11303567E+00
  0.13671089E+01 -0.53338687E-01
  0.14177426E+01  0.15932678E-02
  0.14683763E+01  0.54458487E-01
  0.15190099E+01  0.10069076E+00
  0.15696436E+01  0.13442645E+00
  0.16202773E+01  0.15158938E+00
  0.16709109E+01  0.14928354E+00
  0.17215446E+01  0.12525741E+00
  0.17721782E+01  0.78211134E-01
  0.18228119E+01  0.81165083E-02
  0.18734456E+01 -0.83986198E-01
  0.19240792E+01 -0.19624401E+00
  0.19747129E+01 -0.32506480E+00
  0.20253466E+01 -0.42962008E+00
  0.20763427E+01 -0.32408861E+00
  0.21273389E+01 -0.19425875E+00
  0.21783351E+01 -0.80564115E-01
  0.22293313E+01  0.14150278E-01
  0.22803274E+01  0.88849798E-01
  0.23313236E+01  0.14307465E+00
  0.23823198E+01  0.17681300E+00
  0.24333160E+01  0.19056623E+00
  0.24843121E+01  0.18525223E+00
  0.25353083E+01  0.16234108E+00
  0.25863045E+01  0.12538557E+00
  0.26373007E+01  0.81811501E-01
  0.26882968E+01  0.37542287E-01
  0.27392930E+01 -0.14158307E-01
  0.27902892E+01 -0.84061536E-01
  0.28412854E+01 -0.17131646E+00
  0.28922815E+01 -0.27055369E+00
  0.29432777E+01 -0.37738221E+00
  0.29942739E+01 -0.48822085E+00
  0.30452701E+01 -0.59984222E+00
  0.30962662E+01 -0.70891806E+00
  0.31472624E+01 -0.81136017E+00
  0.31982586E+01 -0.90179352E+00
  0.32492548E+01 -0.97354421E+00
  0.33002509E+01 -0.10195821E+01
  0.33512471E+01 -0.10351231E+01
  0.34022433E+01 -0.10210850E+01
  0.34532395E+01 -0.98471079E+00
  0.35042356E+01 -0.93611547E+00
  0.35552318E+01 -0.88445592E+00
  0.36062280E+01 -0.83621998E+00
  0.36572242E+01 -0.79493220E+00
  0.37082203E+01 -0.76010442E+00
  0.37592165E+01 -0.71616992E+00
  0.38102127E+01 -0.57022311E+00
  0.38612089E+01 -0.34202018E+00
  0.39122050E+01 -0.12955172E+00
  0.39632012E+01  0.36768369E-01
  0.40141974E+01  0.11227649E+00
  0.40620417E+01  0.10616373E+00
  0.41098860E+01  0.87856892E-01
  0.41577303E+01  0.57362914E-01
  0.42055747E+01  0.14586885E-01
  0.42534190E+01 -0.40509744E-01
  0.43012633E+01 -0.10763941E+00
  0.43491076E+01 -0.18608718E+00
  0.43969519E+01 -0.27478611E+00
  
  0.00000000E+00 -0.10634827E+00
  0.50633664E-01 -0.60265496E-01
  0.10126733E+00  0.20713411E-01
  0.15190099E+00  0.95666087E-01
  0.20253466E+00  0.15783286E+00
  0.25316832E+00  0.20843249E+00
  0.30380198E+00  0.25156358E+00
  0.35443565E+00  0.29239497E+00
  0.40506931E+00  0.33586411E+00
  0.45570298E+00  0.38554732E+00
  0.50633664E+00  0.44269324E+00
  0.55697030E+00  0.50563135E+00
  0.60760397E+00  0.56978219E+00
  0.65823763E+00  0.62821525E+00
  0.70887130E+00  0.67269663E+00
  0.75950496E+00  0.69543494E+00
  0.81013863E+00  0.69139011E+00
  0.86077229E+00  0.66004921E+00
  0.91140595E+00  0.60549043E+00
  0.96203962E+00  0.53478922E+00
  0.10126733E+01  0.45585515E+00
  0.10633069E+01  0.37569543E+00
  0.11139406E+01  0.29946543E+00
  0.11645743E+01  0.23036938E+00
  0.12152079E+01  0.17065720E+00
  0.12658416E+01  0.12381946E+00
  0.13164753E+01  0.96877195E-01
  0.13671089E+01  0.99661958E-01
  0.14177426E+01  0.13811540E+00
  0.14683763E+01  0.20711280E+00
  0.15190099E+01  0.29305645E+00
  0.15696436E+01  0.38165788E+00
  0.16202773E+01  0.46223089E+00
  0.16709109E+01  0.52858205E+00
  0.17215446E+01  0.57855075E+00
  0.17721782E+01  0.61302851E+00
  0.18228119E+01  0.63475492E+00
  0.18734456E+01  0.64715961E+00
  0.19240792E+01  0.65348379E+00
  0.19747129E+01  0.65624630E+00
  0.20253466E+01  0.65699528E+00
  0.20763427E+01  0.65623536E+00
  0.21273389E+01  0.65342444E+00
  0.21783351E+01  0.64698477E+00
  0.22293313E+01  0.63438888E+00
  0.22803274E+01  0.61244140E+00
  0.23313236E+01  0.57784750E+00
  0.23823198E+01  0.52811241E+00
  0.24333160E+01  0.46269481E+00
  0.24843121E+01  0.38423746E+00
  0.25353083E+01  0.29958137E+00
  0.25863045E+01  0.21992469E+00
  0.26373007E+01  0.15893996E+00
  0.26882968E+01  0.12744394E+00
  0.27392930E+01  0.12704682E+00
  0.27902892E+01  0.15124267E+00
  0.28412854E+01  0.19275740E+00
  0.28922815E+01  0.24790547E+00
  0.29432777E+01  0.31610916E+00
  0.29942739E+01  0.39745329E+00
  0.30452701E+01  0.49047773E+00
  0.30962662E+01  0.59118894E+00
  0.31472624E+01  0.69315086E+00
  0.31982586E+01  0.78790533E+00
  0.32492548E+01  0.86551327E+00
  0.33002509E+01  0.91610967E+00
  0.33512471E+01  0.93328342E+00
  0.34022433E+01  0.91762713E+00
  0.34532395E+01  0.87678670E+00
  0.35042356E+01  0.82147261E+00
  0.35552318E+01  0.76123231E+00
  0.36062280E+01  0.70259164E+00
  0.36572242E+01  0.64878820E+00
  0.37082203E+01  0.59978740E+00
  0.37592165E+01  0.55259668E+00
  0.38102127E+01  0.50222426E+00
  0.38612089E+01  0.44279747E+00
  0.39122050E+01  0.36833463E+00
  0.39632012E+01  0.27509346E+00
  0.40141974E+01  0.19712456E+00
  0.40620417E+01  0.18555585E+00
  0.41098860E+01  0.15265145E+00
  0.41577303E+01  0.10338766E+00
  0.42055747E+01  0.44959027E-01
  0.42534190E+01 -0.14110395E-01
  0.43012633E+01 -0.64653237E-01
  0.43491076E+01 -0.97783460E-01
  0.43969519E+01 -0.10634827E+00
  
  0.00000000E+00  0.61252794E-01
  0.50633664E-01  0.88625064E-01
  0.10126733E+00  0.14697273E+00
  0.15190099E+00  0.20564659E+00
  0.20253466E+00  0.25378951E+00
  0.25316832E+00  0.29126899E+00
  0.30380198E+00  0.32247740E+00
  0.35443565E+00  0.35336822E+00
  0.40506931E+00  0.38951687E+00
  0.45570298E+00  0.43471292E+00
  0.50633664E+00  0.49007957E+00
  0.55697030E+00  0.55377741E+00
  0.60760397E+00  0.62112782E+00
  0.65823763E+00  0.68490235E+00
  0.70887130E+00  0.73599774E+00
  0.75950496E+00  0.76519474E+00
  0.81013863E+00  0.76600791E+00
  0.86077229E+00  0.73712851E+00
  0.91140595E+00  0.68274019E+00
  0.96203962E+00  0.61068172E+00
  0.10126733E+01  0.52988183E+00
  0.10633069E+01  0.44832225E+00
  0.11139406E+01  0.37200083E+00
  0.11645743E+01  0.30498217E+00
  0.12152079E+01  0.25069258E+00
  0.12658416E+01  0.21454156E+00
  0.13164753E+01  0.20621112E+00
  0.13671089E+01  0.23578832E+00
  0.14177426E+01  0.30370091E+00
  0.14683763E+01  0.40127652E+00
  0.15190099E+01  0.51786285E+00
  0.15696436E+01  0.64249323E+00
  0.16202773E+01  0.76476306E+00
  0.16709109E+01  0.87619452E+00
  0.17215446E+01  0.97116137E+00
  0.17721782E+01  0.10472099E+01
  0.18228119E+01  0.11046129E+01
  0.18734456E+01  0.11453168E+01
  0.19240792E+01  0.11718632E+01
  0.19747129E+01  0.11866390E+01
  0.20253466E+01  0.11913551E+01
  0.20763427E+01  0.11865698E+01
  0.21273389E+01  0.11715735E+01
  0.21783351E+01  0.11446345E+01
  0.22293313E+01  0.11033911E+01
  0.22803274E+01  0.10454399E+01
  0.23313236E+01  0.96910918E+00
  0.23823198E+01  0.87449382E+00
  0.24333160E+01  0.76449510E+00
  0.24843121E+01  0.64536912E+00
  0.25353083E+01  0.52632732E+00
  0.25863045E+01  0.41752795E+00
  0.26373007E+01  0.32672504E+00
  0.26882968E+01  0.25962386E+00
  0.27392930E+01  0.22471839E+00
  0.27902892E+01  0.22566814E+00
  0.28412854E+01  0.25410722E+00
  0.28922815E+01  0.30193072E+00
  0.29432777E+01  0.36607090E+00
  0.29942739E+01  0.44535570E+00
  0.30452701E+01  0.53760886E+00
  0.30962662E+01  0.63842256E+00
  0.31472624E+01  0.74101588E+00
  0.31982586E+01  0.83649506E+00
  0.32492548E+01  0.91450732E+00
  0.33002509E+01  0.96506027E+00
  0.33512471E+01  0.98206987E+00
  0.34022433E+01  0.96687801E+00
  0.34532395E+01  0.92804385E+00
  0.35042356E+01  0.87704597E+00
  0.35552318E+01  0.82385606E+00
  0.36062280E+01  0.77496334E+00
  0.36572242E+01  0.73322044E+00
  0.37082203E+01  0.69821173E+00
  0.37592165E+01  0.66671688E+00
  0.38102127E+01  0.63346202E+00
  0.38612089E+01  0.59237557E+00
  0.39122050E+01  0.53889405E+00
  0.39632012E+01  0.47674580E+00
  0.40141974E+01  0.44081769E+00
  0.40620417E+01  0.42747687E+00
  0.41098860E+01  0.38921103E+00
  0.41577303E+01  0.33108502E+00
  0.42055747E+01  0.26090701E+00
  0.42534190E+01  0.18842289E+00
  0.43012633E+01  0.12433435E+00
  0.43491076E+01  0.79065066E-01
  0.43969519E+01  0.61252794E-01
  
  0.00000000E+00  0.31061901E+01
  0.50633664E-01  0.30672112E+01
  0.10126733E+00  0.30064861E+01
  0.15190099E+00  0.29556198E+01
  0.20253466E+00  0.29222413E+01
  0.25316832E+00  0.29096070E+01
  0.30380198E+00  0.29168215E+01
  0.35443565E+00  0.29391501E+01
  0.40506931E+00  0.29690685E+01
  0.45570298E+00  0.29978331E+01
  0.50633664E+00  0.30177201E+01
  0.55697030E+00  0.30247635E+01
  0.60760397E+00  0.30204662E+01
  0.65823763E+00  0.30110779E+01
  0.70887130E+00  0.30049317E+01
  0.75950496E+00  0.30092317E+01
  0.81013863E+00  0.30272259E+01
  0.86077229E+00  0.30557642E+01
  0.91140595E+00  0.30849328E+01
  0.96203962E+00  0.31010766E+01
  0.10126733E+01  0.30909107E+01
  0.10633069E+01  0.30481367E+01
  0.11139406E+01  0.29796588E+01
  0.11645743E+01  0.29019621E+01
  0.12152079E+01  0.28314416E+01
  0.12658416E+01  0.27793438E+01
  0.13164753E+01  0.27513266E+01
  0.13671089E+01  0.27483526E+01
  0.14177426E+01  0.27681593E+01
  0.14683763E+01  0.28076269E+01
  0.15190099E+01  0.28652857E+01
  0.15696436E+01  0.29420591E+01
  0.16202773E+01  0.30395958E+01
  0.16709109E+01  0.31576109E+01
  0.17215446E+01  0.32916335E+01
  0.17721782E+01  0.34309391E+01
  0.18228119E+01  0.35538844E+01
  0.18734456E+01  0.36427467E+01
  0.19240792E+01  0.37078466E+01
  0.19747129E+01  0.37504407E+01
  0.20253466E+01  0.37654420E+01
  0.20763427E+01  0.37502278E+01
  0.21273389E+01  0.37069129E+01
  0.21783351E+01  0.36404312E+01
  0.22293313E+01  0.35498411E+01
  0.22803274E+01  0.34261659E+01
  0.23313236E+01  0.32862803E+01
  0.23823198E+01  0.31506543E+01
  0.24333160E+01  0.30288547E+01
  0.24843121E+01  0.29241443E+01
  0.25353083E+01  0.28364118E+01
  0.25863045E+01  0.27654384E+01
  0.26373007E+01  0.27134882E+01
  0.26882968E+01  0.26854310E+01
  0.27392930E+01  0.26863928E+01
  0.27902892E+01  0.27186047E+01
  0.28412854E+01  0.27790828E+01
  0.28922815E+01  0.28584271E+01
  0.29432777E+01  0.29400789E+01
  0.29942739E+01  0.30014545E+01
  0.30452701E+01  0.30223030E+01
  0.30962662E+01  0.29974646E+01
  0.31472624E+01  0.29378083E+01
  0.31982586E+01  0.28611717E+01
  0.32492548E+01  0.27865389E+01
  0.33002509E+01  0.27325534E+01
  0.33512471E+01  0.27131619E+01
  0.34022433E+01  0.27318260E+01
  0.34532395E+01  0.27821586E+01
  0.35042356E+01  0.28529095E+01
  0.35552318E+01  0.29326585E+01
  0.36062280E+01  0.30120532E+01
  0.36572242E+01  0.30841766E+01
  0.37082203E+01  0.31442034E+01
  0.37592165E+01  0.31891197E+01
  0.38102127E+01  0.32179289E+01
  0.38612089E+01  0.32321584E+01
  0.39122050E+01  0.32357556E+01
  0.39632012E+01  0.32338745E+01
  0.40141974E+01  0.32321339E+01
  0.40620417E+01  0.32291473E+01
  0.41098860E+01  0.32207481E+01
  0.41577303E+01  0.32084611E+01
  0.42055747E+01  0.31944646E+01
  0.42534190E+01  0.31813731E+01
  0.43012633E+01  0.31720625E+01
  0.43491076E+01  0.31693054E+01
  0.43969519E+01  0.31061901E+01
  
  0.00000000E+00  0.31752930E+01
  0.50633664E-01  0.31983037E+01
  0.10126733E+00  0.31751877E+01
  0.15190099E+00  0.31608374E+01
  0.20253466E+00  0.31639359E+01
  0.25316832E+00  0.31858189E+01
  0.30380198E+00  0.32207683E+01
  0.35443565E+00  0.32561010E+01
  0.40506931E+00  0.32757786E+01
  0.45570298E+00  0.32702484E+01
  0.50633664E+00  0.32415040E+01
  0.55697030E+00  0.31975957E+01
  0.60760397E+00  0.31479860E+01
  0.65823763E+00  0.31025563E+01
  0.70887130E+00  0.30709999E+01
  0.75950496E+00  0.30610064E+01
  0.81013863E+00  0.30757049E+01
  0.86077229E+00  0.31127617E+01
  0.91140595E+00  0.31650775E+01
  0.96203962E+00  0.32212258E+01
  0.10126733E+01  0.32667805E+01
  0.10633069E+01  0.32851364E+01
  0.11139406E+01  0.32612997E+01
  0.11645743E+01  0.32000066E+01
  0.12152079E+01  0.31289708E+01
  0.12658416E+01  0.30721401E+01
  0.13164753E+01  0.30410244E+01
  0.13671089E+01  0.30385196E+01
  0.14177426E+01  0.30620934E+01
  0.14683763E+01  0.31060502E+01
  0.15190099E+01  0.31637686E+01
  0.15696436E+01  0.32302571E+01
  0.16202773E+01  0.33040486E+01
  0.16709109E+01  0.33857845E+01
  0.17215446E+01  0.34736702E+01
  0.17721782E+01  0.35554900E+01
  0.18228119E+01  0.36387344E+01
  0.18734456E+01  0.37085882E+01
  0.19240792E+01  0.37636119E+01
  0.19747129E+01  0.37776113E+01
  0.20253466E+01  0.37654422E+01
  0.20763427E+01  0.37777854E+01
  0.21273389E+01  0.37627084E+01
  0.21783351E+01  0.37062594E+01
  0.22293313E+01  0.36344761E+01
  0.22803274E+01  0.35482696E+01
  0.23313236E+01  0.34654255E+01
  0.23823198E+01  0.33749842E+01
  0.24333160E+01  0.32875791E+01
  0.24843121E+01  0.32043764E+01
  0.25353083E+01  0.31266213E+01
  0.25863045E+01  0.30594380E+01
  0.26373007E+01  0.30109637E+01
  0.26882968E+01  0.29896279E+01
  0.27392930E+01  0.30016540E+01
  0.27902892E+01  0.30486470E+01
  0.28412854E+01  0.31246881E+01
  0.28922815E+01  0.32108404E+01
  0.29432777E+01  0.32686469E+01
  0.29942739E+01  0.32648776E+01
  0.30452701E+01  0.32075636E+01
  0.30962662E+01  0.31178369E+01
  0.31472624E+01  0.30129341E+01
  0.31982586E+01  0.29090868E+01
  0.32492548E+01  0.28224948E+01
  0.33002509E+01  0.27659715E+01
  0.33512471E+01  0.27465593E+01
  0.34022433E+01  0.27651274E+01
  0.34532395E+01  0.28159455E+01
  0.35042356E+01  0.28890087E+01
  0.35552318E+01  0.29733634E+01
  0.36062280E+01  0.30591403E+01
  0.36572242E+01  0.31381472E+01
  0.37082203E+01  0.32036807E+01
  0.37592165E+01  0.32503080E+01
  0.38102127E+01  0.32746481E+01
  0.38612089E+01  0.32779391E+01
  0.39122050E+01  0.32681382E+01
  0.39632012E+01  0.32569777E+01
  0.40141974E+01  0.32526525E+01
  0.40620417E+01  0.32497431E+01
  0.41098860E+01  0.32416737E+01
  0.41577303E+01  0.32302212E+01
  0.42055747E+01  0.32178612E+01
  0.42534190E+01  0.32073966E+01
  0.43012633E+01  0.32016327E+01
  0.43491076E+01  0.31900062E+01
  0.43969519E+01  0.31752930E+01
  
  0.00000000E+00  0.32133525E+01
  0.50633664E-01  0.32272964E+01
  0.10126733E+00  0.33017146E+01
  0.15190099E+00  0.33728970E+01
  0.20253466E+00  0.34382243E+01
  0.25316832E+00  0.34971765E+01
  0.30380198E+00  0.35500189E+01
  0.35443565E+00  0.35981095E+01
  0.40506931E+00  0.36446516E+01
  0.45570298E+00  0.36920433E+01
  0.50633664E+00  0.37415006E+01
  0.55697030E+00  0.37931448E+01
  0.60760397E+00  0.38457469E+01
  0.65823763E+00  0.38983176E+01
  0.70887130E+00  0.39494447E+01
  0.75950496E+00  0.39930848E+01
  0.81013863E+00  0.40101302E+01
  0.86077229E+00  0.39784891E+01
  0.91140595E+00  0.39079369E+01
  0.96203962E+00  0.38181897E+01
  0.10126733E+01  0.37275161E+01
  0.10633069E+01  0.36486522E+01
  0.11139406E+01  0.35837780E+01
  0.11645743E+01  0.35277602E+01
  0.12152079E+01  0.34750062E+01
  0.12658416E+01  0.34250767E+01
  0.13164753E+01  0.33818482E+01
  0.13671089E+01  0.33512767E+01
  0.14177426E+01  0.33395147E+01
  0.14683763E+01  0.33508650E+01
  0.15190099E+01  0.33858500E+01
  0.15696436E+01  0.34375313E+01
  0.16202773E+01  0.34489458E+01
  0.16709109E+01  0.34629332E+01
  0.17215446E+01  0.34992641E+01
  0.17721782E+01  0.35639747E+01
  0.18228119E+01  0.36468800E+01
  0.18734456E+01  0.37578271E+01
  0.19240792E+01  0.38123842E+01
  0.19747129E+01  0.38002763E+01
  0.20253466E+01  0.38132222E+01
  0.20763427E+01  0.38000766E+01
  0.21273389E+01  0.38131378E+01
  0.21783351E+01  0.37555174E+01
  0.22293313E+01  0.36429092E+01
  0.22803274E+01  0.35571990E+01
  0.23313236E+01  0.34857941E+01
  0.23823198E+01  0.34406494E+01
  0.24333160E+01  0.34152985E+01
  0.24843121E+01  0.34043882E+01
  0.25353083E+01  0.33768137E+01
  0.25863045E+01  0.33548448E+01
  0.26373007E+01  0.33571441E+01
  0.26882968E+01  0.33818781E+01
  0.27392930E+01  0.34231088E+01
  0.27902892E+01  0.34737807E+01
  0.28412854E+01  0.35274293E+01
  0.28922815E+01  0.35801738E+01
  0.29432777E+01  0.36362156E+01
  0.29942739E+01  0.37033922E+01
  0.30452701E+01  0.37798817E+01
  0.30962662E+01  0.38302648E+01
  0.31472624E+01  0.38306561E+01
  0.31982586E+01  0.38097913E+01
  0.32492548E+01  0.37851236E+01
  0.33002509E+01  0.37659503E+01
  0.33512471E+01  0.37583886E+01
  0.34022433E+01  0.37676119E+01
  0.34532395E+01  0.37985533E+01
  0.35042356E+01  0.38542821E+01
  0.35552318E+01  0.39336103E+01
  0.36062280E+01  0.40097624E+01
  0.36572242E+01  0.39646183E+01
  0.37082203E+01  0.38908236E+01
  0.37592165E+01  0.38233479E+01
  0.38102127E+01  0.37677469E+01
  0.38612089E+01  0.37261449E+01
  0.39122050E+01  0.36984171E+01
  0.39632012E+01  0.36829527E+01
  0.40141974E+01  0.36780313E+01
  0.40620417E+01  0.36618340E+01
  0.41098860E+01  0.36160138E+01
  0.41577303E+01  0.35474478E+01
  0.42055747E+01  0.34641705E+01
  0.42534190E+01  0.33732586E+01
  0.43012633E+01  0.32803450E+01
  0.43491076E+01  0.32030157E+01
  0.43969519E+01  0.32133525E+01
  
  0.00000000E+00  0.34102668E+01
  0.50633664E-01  0.34340942E+01
  0.10126733E+00  0.34713080E+01
  0.15190099E+00  0.35092885E+01
  0.20253466E+00  0.35432054E+01
  0.25316832E+00  0.35729054E+01
  0.30380198E+00  0.36022616E+01
  0.35443565E+00  0.36394782E+01
  0.40506931E+00  0.36940906E+01
  0.45570298E+00  0.37705431E+01
  0.50633664E+00  0.38630062E+01
  0.55697030E+00  0.39343883E+01
  0.60760397E+00  0.39767334E+01
  0.65823763E+00  0.40244034E+01
  0.70887130E+00  0.40655613E+01
  0.75950496E+00  0.40917910E+01
  0.81013863E+00  0.41095937E+01
  0.86077229E+00  0.41339729E+01
  0.91140595E+00  0.40878769E+01
  0.96203962E+00  0.39694082E+01
  0.10126733E+01  0.38406507E+01
  0.10633069E+01  0.37228293E+01
  0.11139406E+01  0.36374960E+01
  0.11645743E+01  0.35880276E+01
  0.12152079E+01  0.35571592E+01
  0.12658416E+01  0.35306127E+01
  0.13164753E+01  0.35045618E+01
  0.13671089E+01  0.34812804E+01
  0.14177426E+01  0.34657368E+01
  0.14683763E+01  0.34638389E+01
  0.15190099E+01  0.34806184E+01
  0.15696436E+01  0.34670802E+01
  0.16202773E+01  0.35170459E+01
  0.16709109E+01  0.35950745E+01
  0.17215446E+01  0.36534931E+01
  0.17721782E+01  0.37057947E+01
  0.18228119E+01  0.37814992E+01
  0.18734456E+01  0.38502798E+01
  0.19240792E+01  0.38630116E+01
  0.19747129E+01  0.38261402E+01
  0.20253466E+01  0.38132224E+01
  0.20763427E+01  0.38263365E+01
  0.21273389E+01  0.38618156E+01
  0.21783351E+01  0.38504968E+01
  0.22293313E+01  0.37783407E+01
  0.22803274E+01  0.36989979E+01
  0.23313236E+01  0.36387032E+01
  0.23823198E+01  0.35840605E+01
  0.24333160E+01  0.35056597E+01
  0.24843121E+01  0.34438834E+01
  0.25353083E+01  0.34373319E+01
  0.25863045E+01  0.34662749E+01
  0.26373007E+01  0.34831488E+01
  0.26882968E+01  0.35057584E+01
  0.27392930E+01  0.35329459E+01
  0.27902892E+01  0.35593889E+01
  0.28412854E+01  0.35836691E+01
  0.28922815E+01  0.36147356E+01
  0.29432777E+01  0.36769854E+01
  0.29942739E+01  0.37911419E+01
  0.30452701E+01  0.39220542E+01
  0.30962662E+01  0.39807596E+01
  0.31472624E+01  0.40824908E+01
  0.31982586E+01  0.41007888E+01
  0.32492548E+01  0.40845431E+01
  0.33002509E+01  0.40703098E+01
  0.33512471E+01  0.40644069E+01
  0.34022433E+01  0.40719320E+01
  0.34532395E+01  0.40974732E+01
  0.35042356E+01  0.41438154E+01
  0.35552318E+01  0.41510824E+01
  0.36062280E+01  0.41016014E+01
  0.36572242E+01  0.41522181E+01
  0.37082203E+01  0.40493817E+01
  0.37592165E+01  0.39566823E+01
  0.38102127E+01  0.38828168E+01
  0.38612089E+01  0.38320349E+01
  0.39122050E+01  0.38025211E+01
  0.39632012E+01  0.37883764E+01
  0.40141974E+01  0.37843115E+01
  0.40620417E+01  0.37743530E+01
  0.41098860E+01  0.37458967E+01
  0.41577303E+01  0.37026089E+01
  0.42055747E+01  0.36491060E+01
  0.42534190E+01  0.35898076E+01
  0.43012633E+01  0.35283770E+01
  0.43491076E+01  0.34677143E+01
  0.43969519E+01  0.34102668E+01
  
  0.00000000E+00  0.42434326E+01
  0.50633664E-01  0.42463699E+01
  0.10126733E+00  0.42192965E+01
  0.15190099E+00  0.41722302E+01
  0.20253466E+00  0.41133912E+01
  0.25316832E+00  0.40510011E+01
  0.30380198E+00  0.39933748E+01
  0.35443565E+00  0.39467093E+01
  0.40506931E+00  0.39148922E+01
  0.45570298E+00  0.39011219E+01
  0.50633664E+00  0.39079462E+01
  0.55697030E+00  0.39608289E+01
  0.60760397E+00  0.40519365E+01
  0.65823763E+00  0.41296532E+01
  0.70887130E+00  0.41907304E+01
  0.75950496E+00  0.42298800E+01
  0.81013863E+00  0.42299112E+01
  0.86077229E+00  0.41798825E+01
  0.91140595E+00  0.41567066E+01
  0.96203962E+00  0.41644475E+01
  0.10126733E+01  0.41522011E+01
  0.10633069E+01  0.41186589E+01
  0.11139406E+01  0.40659778E+01
  0.11645743E+01  0.39985106E+01
  0.12152079E+01  0.39215427E+01
  0.12658416E+01  0.38399328E+01
  0.13164753E+01  0.37575896E+01
  0.13671089E+01  0.36780217E+01
  0.14177426E+01  0.36048837E+01
  0.14683763E+01  0.35420400E+01
  0.15190099E+01  0.34939538E+01
  0.15696436E+01  0.35193402E+01
  0.16202773E+01  0.35730809E+01
  0.16709109E+01  0.36200020E+01
  0.17215446E+01  0.36757086E+01
  0.17721782E+01  0.37512023E+01
  0.18228119E+01  0.38162372E+01
  0.18734456E+01  0.38678104E+01
  0.19240792E+01  0.38637229E+01
  0.19747129E+01  0.39355075E+01
  0.20253466E+01  0.39612992E+01
  0.20763427E+01  0.39351469E+01
  0.21273389E+01  0.38645819E+01
  0.21783351E+01  0.38659778E+01
  0.22293313E+01  0.38133653E+01
  0.22803274E+01  0.37458600E+01
  0.23313236E+01  0.36676148E+01
  0.23823198E+01  0.35949916E+01
  0.24333160E+01  0.35495118E+01
  0.24843121E+01  0.35056926E+01
  0.25353083E+01  0.34785371E+01
  0.25863045E+01  0.34732136E+01
  0.26373007E+01  0.35133756E+01
  0.26882968E+01  0.35700370E+01
  0.27392930E+01  0.36333888E+01
  0.27902892E+01  0.36987231E+01
  0.28412854E+01  0.37614877E+01
  0.28922815E+01  0.38172793E+01
  0.29432777E+01  0.38621213E+01
  0.29942739E+01  0.38946171E+01
  0.30452701E+01  0.39388880E+01
  0.30962662E+01  0.40675049E+01
  0.31472624E+01  0.41086379E+01
  0.31982586E+01  0.41897264E+01
  0.32492548E+01  0.42756749E+01
  0.33002509E+01  0.43296039E+01
  0.33512471E+01  0.43473795E+01
  0.34022433E+01  0.43312134E+01
  0.34532395E+01  0.42874880E+01
  0.35042356E+01  0.42244280E+01
  0.35552318E+01  0.42096102E+01
  0.36062280E+01  0.42431157E+01
  0.36572242E+01  0.42004393E+01
  0.37082203E+01  0.43590311E+01
  0.37592165E+01  0.45414259E+01
  0.38102127E+01  0.47305909E+01
  0.38612089E+01  0.48810718E+01
  0.39122050E+01  0.48221188E+01
  0.39632012E+01  0.47811083E+01
  0.40141974E+01  0.47669842E+01
  0.40620417E+01  0.47555964E+01
  0.41098860E+01  0.47224089E+01
  0.41577303E+01  0.46700404E+01
  0.42055747E+01  0.46022547E+01
  0.42534190E+01  0.45234457E+01
  0.43012633E+01  0.44372426E+01
  0.43491076E+01  0.43445164E+01
  0.43969519E+01  0.42434326E+01
  
  0.00000000E+00  0.45952214E+01
  0.50633664E-01  0.45874675E+01
  0.10126733E+00  0.45325812E+01
  0.15190099E+00  0.44570856E+01
  0.20253466E+00  0.43773549E+01
  0.25316832E+00  0.43034623E+01
  0.30380198E+00  0.42418205E+01
  0.35443565E+00  0.41955922E+01
  0.40506931E+00  0.41662019E+01
  0.45570298E+00  0.41548438E+01
  0.50633664E+00  0.41619763E+01
  0.55697030E+00  0.41860322E+01
  0.60760397E+00  0.42231494E+01
  0.65823763E+00  0.42665071E+01
  0.70887130E+00  0.43056772E+01
  0.75950496E+00  0.43334786E+01
  0.81013863E+00  0.43571717E+01
  0.86077229E+00  0.43825581E+01
  0.91140595E+00  0.44012991E+01
  0.96203962E+00  0.44059414E+01
  0.10126733E+01  0.43925391E+01
  0.10633069E+01  0.43602445E+01
  0.11139406E+01  0.43109781E+01
  0.11645743E+01  0.42482794E+01
  0.12152079E+01  0.41758737E+01
  0.12658416E+01  0.40970815E+01
  0.13164753E+01  0.40152029E+01
  0.13671089E+01  0.39337660E+01
  0.14177426E+01  0.38561643E+01
  0.14683763E+01  0.37855982E+01
  0.15190099E+01  0.37257902E+01
  0.15696436E+01  0.36816749E+01
  0.16202773E+01  0.36607168E+01
  0.16709109E+01  0.36819783E+01
  0.17215446E+01  0.37459641E+01
  0.17721782E+01  0.38171140E+01
  0.18228119E+01  0.38816713E+01
  0.18734456E+01  0.39082798E+01
  0.19240792E+01  0.39299355E+01
  0.19747129E+01  0.39530316E+01
  0.20253466E+01  0.39612994E+01
  0.20763427E+01  0.39529097E+01
  0.21273389E+01  0.39294575E+01
  0.21783351E+01  0.39089056E+01
  0.22293313E+01  0.38789912E+01
  0.22803274E+01  0.38129361E+01
  0.23313236E+01  0.37412107E+01
  0.23823198E+01  0.36769350E+01
  0.24333160E+01  0.36423358E+01
  0.24843121E+01  0.36432233E+01
  0.25353083E+01  0.36676619E+01
  0.25863045E+01  0.37080231E+01
  0.26373007E+01  0.37596294E+01
  0.26882968E+01  0.38190515E+01
  0.27392930E+01  0.38833422E+01
  0.27902892E+01  0.39491626E+01
  0.28412854E+01  0.40123724E+01
  0.28922815E+01  0.40686355E+01
  0.29432777E+01  0.41145713E+01
  0.29942739E+01  0.41487536E+01
  0.30452701E+01  0.41741283E+01
  0.30962662E+01  0.42148748E+01
  0.31472624E+01  0.43238968E+01
  0.31982586E+01  0.44505131E+01
  0.32492548E+01  0.45512960E+01
  0.33002509E+01  0.46134296E+01
  0.33512471E+01  0.46338090E+01
  0.34022433E+01  0.46149325E+01
  0.34532395E+01  0.45625953E+01
  0.35042356E+01  0.44845851E+01
  0.35552318E+01  0.43921121E+01
  0.36062280E+01  0.43444522E+01
  0.36572242E+01  0.44418883E+01
  0.37082203E+01  0.45789451E+01
  0.37592165E+01  0.47346405E+01
  0.38102127E+01  0.48955686E+01
  0.38612089E+01  0.49163334E+01
  0.39122050E+01  0.50516034E+01
  0.39632012E+01  0.51416857E+01
  0.40141974E+01  0.51335811E+01
  0.40620417E+01  0.51242940E+01
  0.41098860E+01  0.50969580E+01
  0.41577303E+01  0.50525503E+01
  0.42055747E+01  0.49916052E+01
  0.42534190E+01  0.49142877E+01
  0.43012633E+01  0.48212119E+01
  0.43491076E+01  0.47139764E+01
  0.43969519E+01  0.45952214E+01
  
  0.00000000E+00  0.49903650E+01
  0.50633664E-01  0.50109058E+01
  0.10126733E+00  0.50467951E+01
  0.15190099E+00  0.50907664E+01
  0.20253466E+00  0.51392315E+01
  0.25316832E+00  0.51912210E+01
  0.30380198E+00  0.52466540E+01
  0.35443565E+00  0.53043601E+01
  0.40506931E+00  0.53608654E+01
  0.45570298E+00  0.54119671E+01
  0.50633664E+00  0.54549341E+01
  0.55697030E+00  0.54876362E+01
  0.60760397E+00  0.55065150E+01
  0.65823763E+00  0.55080747E+01
  0.70887130E+00  0.54926672E+01
  0.75950496E+00  0.54648839E+01
  0.81013863E+00  0.54299574E+01
  0.86077229E+00  0.53915943E+01
  0.91140595E+00  0.53534185E+01
  0.96203962E+00  0.53196962E+01
  0.10126733E+01  0.52927758E+01
  0.10633069E+01  0.52711404E+01
  0.11139406E+01  0.52507521E+01
  0.11645743E+01  0.52267075E+01
  0.12152079E+01  0.51936268E+01
  0.12658416E+01  0.51467397E+01
  0.13164753E+01  0.50836311E+01
  0.13671089E+01  0.50044147E+01
  0.14177426E+01  0.49103082E+01
  0.14683763E+01  0.48028446E+01
  0.15190099E+01  0.46844461E+01
  0.15696436E+01  0.45588127E+01
  0.16202773E+01  0.44302336E+01
  0.16709109E+01  0.43028273E+01
  0.17215446E+01  0.41806397E+01
  0.17721782E+01  0.40681913E+01
  0.18228119E+01  0.39715052E+01
  0.18734456E+01  0.39175181E+01
  0.19240792E+01  0.39465098E+01
  0.19747129E+01  0.40010062E+01
  0.20253466E+01  0.40205763E+01
  0.20763427E+01  0.40007328E+01
  0.21273389E+01  0.39455913E+01
  0.21783351E+01  0.39184599E+01
  0.22293313E+01  0.39760633E+01
  0.22803274E+01  0.40766226E+01
  0.23313236E+01  0.41941445E+01
  0.23823198E+01  0.43225797E+01
  0.24333160E+01  0.44568683E+01
  0.24843121E+01  0.45923805E+01
  0.25353083E+01  0.47247937E+01
  0.25863045E+01  0.48497402E+01
  0.26373007E+01  0.49630629E+01
  0.26882968E+01  0.50619120E+01
  0.27392930E+01  0.51455839E+01
  0.27902892E+01  0.52152966E+01
  0.28412854E+01  0.52736659E+01
  0.28922815E+01  0.53247520E+01
  0.29432777E+01  0.53739116E+01
  0.29942739E+01  0.54263706E+01
  0.30452701E+01  0.54852460E+01
  0.30962662E+01  0.55503156E+01
  0.31472624E+01  0.56176942E+01
  0.31982586E+01  0.56807285E+01
  0.32492548E+01  0.57323408E+01
  0.33002509E+01  0.57668630E+01
  0.33512471E+01  0.57795081E+01
  0.34022433E+01  0.57655031E+01
  0.34532395E+01  0.57219802E+01
  0.35042356E+01  0.56510283E+01
  0.35552318E+01  0.55591268E+01
  0.36062280E+01  0.54526988E+01
  0.36572242E+01  0.53355773E+01
  0.37082203E+01  0.52118940E+01
  0.37592165E+01  0.50898562E+01
  0.38102127E+01  0.49804434E+01
  0.38612089E+01  0.50441653E+01
  0.39122050E+01  0.51457086E+01
  0.39632012E+01  0.51447855E+01
  0.40141974E+01  0.51758410E+01
  0.40620417E+01  0.51731804E+01
  0.41098860E+01  0.51653908E+01
  0.41577303E+01  0.51525092E+01
  0.42055747E+01  0.51338261E+01
  0.42534190E+01  0.51084397E+01
  0.43012633E+01  0.50760982E+01
  0.43491076E+01  0.50368982E+01
  0.43969519E+01  0.49903650E+01
  
  0.00000000E+00  0.50847927E+01
  0.50633664E-01  0.51205648E+01
  0.10126733E+00  0.51892370E+01
  0.15190099E+00  0.52681238E+01
  0.20253466E+00  0.53471726E+01
  0.25316832E+00  0.54240007E+01
  0.30380198E+00  0.54982741E+01
  0.35443565E+00  0.55688994E+01
  0.40506931E+00  0.56335139E+01
  0.45570298E+00  0.56896531E+01
  0.50633664E+00  0.57355539E+01
  0.55697030E+00  0.57694542E+01
  0.60760397E+00  0.57891325E+01
  0.65823763E+00  0.57932498E+01
  0.70887130E+00  0.57828033E+01
  0.75950496E+00  0.57605249E+01
  0.81013863E+00  0.57293816E+01
  0.86077229E+00  0.56925037E+01
  0.91140595E+00  0.56537903E+01
  0.96203962E+00  0.56168158E+01
  0.10126733E+01  0.55826252E+01
  0.10633069E+01  0.55492580E+01
  0.11139406E+01  0.55132526E+01
  0.11645743E+01  0.54707700E+01
  0.12152079E+01  0.54177414E+01
  0.12658416E+01  0.53505130E+01
  0.13164753E+01  0.52671426E+01
  0.13671089E+01  0.51678571E+01
  0.14177426E+01  0.50542265E+01
  0.14683763E+01  0.49283649E+01
  0.15190099E+01  0.47930661E+01
  0.15696436E+01  0.46521530E+01
  0.16202773E+01  0.45101150E+01
  0.16709109E+01  0.43713906E+01
  0.17215446E+01  0.42401970E+01
  0.17721782E+01  0.41208910E+01
  0.18228119E+01  0.40185387E+01
  0.18734456E+01  0.39572267E+01
  0.19240792E+01  0.39871314E+01
  0.19747129E+01  0.40120051E+01
  0.20253466E+01  0.40205766E+01
  0.20763427E+01  0.40118783E+01
  0.21273389E+01  0.39866064E+01
  0.21783351E+01  0.39575909E+01
  0.22293313E+01  0.40242447E+01
  0.22803274E+01  0.41312973E+01
  0.23313236E+01  0.42569989E+01
  0.23823198E+01  0.43962184E+01
  0.24333160E+01  0.45440396E+01
  0.24843121E+01  0.46955371E+01
  0.25353083E+01  0.48457391E+01
  0.25863045E+01  0.49896954E+01
  0.26373007E+01  0.51230067E+01
  0.26882968E+01  0.52426008E+01
  0.27392930E+01  0.53471778E+01
  0.27902892E+01  0.54371362E+01
  0.28412854E+01  0.55143413E+01
  0.28922815E+01  0.55819668E+01
  0.29432777E+01  0.56441087E+01
  0.29942739E+01  0.57048184E+01
  0.30452701E+01  0.57667452E+01
  0.30962662E+01  0.58300345E+01
  0.31472624E+01  0.58921124E+01
  0.31982586E+01  0.59485266E+01
  0.32492548E+01  0.59942587E+01
  0.33002509E+01  0.60246204E+01
  0.33512471E+01  0.60355287E+01
  0.34022433E+01  0.60237993E+01
  0.34532395E+01  0.59878661E+01
  0.35042356E+01  0.59283611E+01
  0.35552318E+01  0.58478908E+01
  0.36062280E+01  0.57504670E+01
  0.36572242E+01  0.56415600E+01
  0.37082203E+01  0.55285704E+01
  0.37592165E+01  0.54203506E+01
  0.38102127E+01  0.53253608E+01
  0.38612089E+01  0.52506771E+01
  0.39122050E+01  0.52161387E+01
  0.39632012E+01  0.52657727E+01
  0.40141974E+01  0.52914318E+01
  0.40620417E+01  0.52883505E+01
  0.41098860E+01  0.52793565E+01
  0.41577303E+01  0.52646160E+01
  0.42055747E+01  0.52435184E+01
  0.42534190E+01  0.52151648E+01
  0.43012633E+01  0.51792619E+01
  0.43491076E+01  0.51359274E+01
  0.43969519E+01  0.50847927E+01
  
