  0.00000000E+00 -0.73398142E+01
  0.50633664E-01 -0.73559288E+01
  0.10126733E+00 -0.73631599E+01
  0.15190099E+00 -0.73618093E+01
  0.20253466E+00 -0.73527343E+01
  0.25316832E+00 -0.73372768E+01
  0.30380198E+00 -0.73171866E+01
  0.35443565E+00 -0.72944670E+01
  0.40506931E+00 -0.72712686E+01
  0.45570298E+00 -0.72499521E+01
  0.50633664E+00 -0.72332160E+01
  0.55697030E+00 -0.72240761E+01
  0.60760397E+00 -0.72255596E+01
  0.65823763E+00 -0.72604386E+01
  0.70887130E+00 -0.72989260E+01
  0.75950496E+00 -0.73138877E+01
  0.81013863E+00 -0.73491344E+01
  0.86077229E+00 -0.73893965E+01
  0.91140595E+00 -0.74198400E+01
  0.96203962E+00 -0.74351885E+01
  0.10126733E+01 -0.74323514E+01
  0.10633069E+01 -0.74103666E+01
  0.11139406E+01 -0.73701963E+01
  0.11645743E+01 -0.73145476E+01
  0.12152079E+01 -0.72478938E+01
  0.12658416E+01 -0.71768684E+01
  0.13164753E+01 -0.71109106E+01
  0.13671089E+01 -0.70622450E+01
  0.14177426E+01 -0.70432089E+01
  0.14683763E+01 -0.70603330E+01
  0.15190099E+01 -0.71104843E+01
  0.15696436E+01 -0.71840109E+01
  0.16202773E+01 -0.72703387E+01
  0.16709109E+01 -0.73607527E+01
  0.17215446E+01 -0.74486979E+01
  0.17721782E+01 -0.75293496E+01
  0.18228119E+01 -0.75991904E+01
  0.18734456E+01 -0.76556918E+01
  0.19240792E+01 -0.76971020E+01
  0.19747129E+01 -0.77223209E+01
  0.20253466E+01 -0.77307826E+01
  0.20763427E+01 -0.77222008E+01
  0.21273389E+01 -0.76966184E+01
  0.21783351E+01 -0.76546026E+01
  0.22293313E+01 -0.75972746E+01
  0.22803274E+01 -0.75264162E+01
  0.23313236E+01 -0.74445491E+01
  0.23823198E+01 -0.73551086E+01
  0.24333160E+01 -0.72627682E+01
  0.24843121E+01 -0.71738787E+01
  0.25353083E+01 -0.70968655E+01
  0.25863045E+01 -0.70418968E+01
  0.26373007E+01 -0.70181474E+01
  0.26882968E+01 -0.70282566E+01
  0.27392930E+01 -0.70651490E+01
  0.27902892E+01 -0.71158543E+01
  0.28412854E+01 -0.71674689E+01
  0.28922815E+01 -0.72099079E+01
  0.29432777E+01 -0.72359127E+01
  0.29942739E+01 -0.72403009E+01
  0.30452701E+01 -0.72195157E+01
  0.30962662E+01 -0.72333276E+01
  0.31472624E+01 -0.73408015E+01
  0.31982586E+01 -0.74241498E+01
  0.32492548E+01 -0.74830195E+01
  0.33002509E+01 -0.75175725E+01
  0.33512471E+01 -0.75287371E+01
  0.34022433E+01 -0.75182755E+01
  0.34532395E+01 -0.74886221E+01
  0.35042356E+01 -0.74427883E+01
  0.35552318E+01 -0.73844348E+01
  0.36062280E+01 -0.73224925E+01
  0.36572242E+01 -0.74509701E+01
  0.37082203E+01 -0.75663854E+01
  0.37592165E+01 -0.76668281E+01
  0.38102127E+01 -0.77507949E+01
  0.38612089E+01 -0.78172207E+01
  0.39122050E+01 -0.78653496E+01
  0.39632012E+01 -0.78945597E+01
  0.40141974E+01 -0.79043617E+01
  0.40620417E+01 -0.78931214E+01
  0.41098860E+01 -0.78598730E+01
  0.41577303E+01 -0.78060543E+01
  0.42055747E+01 -0.77340504E+01
  0.42534190E+01 -0.76470583E+01
  0.43012633E+01 -0.75489754E+01
  0.43491076E+01 -0.74445497E+01
  0.43969519E+01 -0.73398142E+01
  
  0.00000000E+00 -0.63089632E+01
  0.50633664E-01 -0.63388863E+01
  0.10126733E+00 -0.63726371E+01
  0.15190099E+00 -0.64134368E+01
  0.20253466E+00 -0.64653045E+01
  0.25316832E+00 -0.65318754E+01
  0.30380198E+00 -0.66145833E+01
  0.35443565E+00 -0.67113762E+01
  0.40506931E+00 -0.68171085E+01
  0.45570298E+00 -0.69251231E+01
  0.50633664E+00 -0.70287382E+01
  0.55697030E+00 -0.71221128E+01
  0.60760397E+00 -0.72005580E+01
  0.65823763E+00 -0.72399851E+01
  0.70887130E+00 -0.72677425E+01
  0.75950496E+00 -0.73060896E+01
  0.81013863E+00 -0.73039290E+01
  0.86077229E+00 -0.72684071E+01
  0.91140595E+00 -0.72073650E+01
  0.96203962E+00 -0.71214838E+01
  0.10126733E+01 -0.70120786E+01
  0.10633069E+01 -0.68810682E+01
  0.11139406E+01 -0.67309385E+01
  0.11645743E+01 -0.65647978E+01
  0.12152079E+01 -0.63865318E+01
  0.12658416E+01 -0.62009358E+01
  0.13164753E+01 -0.60136422E+01
  0.13671089E+01 -0.59127544E+01
  0.14177426E+01 -0.58899754E+01
  0.14683763E+01 -0.58299233E+01
  0.15190099E+01 -0.57334465E+01
  0.15696436E+01 -0.56088946E+01
  0.16202773E+01 -0.54666246E+01
  0.16709109E+01 -0.53161830E+01
  0.17215446E+01 -0.51659662E+01
  0.17721782E+01 -0.50234988E+01
  0.18228119E+01 -0.48955229E+01
  0.18734456E+01 -0.47880158E+01
  0.19240792E+01 -0.47063076E+01
  0.19747129E+01 -0.46550220E+01
  0.20253466E+01 -0.46375102E+01
  0.20763427E+01 -0.46552713E+01
  0.21273389E+01 -0.47072601E+01
  0.21783351E+01 -0.47900014E+01
  0.22293313E+01 -0.48986986E+01
  0.22803274E+01 -0.50278362E+01
  0.23313236E+01 -0.51712473E+01
  0.23823198E+01 -0.53219762E+01
  0.24333160E+01 -0.54722363E+01
  0.24843121E+01 -0.56132830E+01
  0.25353083E+01 -0.57350723E+01
  0.25863045E+01 -0.58265538E+01
  0.26373007E+01 -0.58784908E+01
  0.26882968E+01 -0.58889898E+01
  0.27392930E+01 -0.59565376E+01
  0.27902892E+01 -0.61710066E+01
  0.28412854E+01 -0.63836234E+01
  0.28922815E+01 -0.65871887E+01
  0.29432777E+01 -0.67770215E+01
  0.29942739E+01 -0.69497054E+01
  0.30452701E+01 -0.71025050E+01
  0.30962662E+01 -0.71715998E+01
  0.31472624E+01 -0.70963578E+01
  0.31982586E+01 -0.69959793E+01
  0.32492548E+01 -0.68775667E+01
  0.33002509E+01 -0.67619272E+01
  0.33512471E+01 -0.67053541E+01
  0.34022433E+01 -0.67636557E+01
  0.34532395E+01 -0.68909427E+01
  0.35042356E+01 -0.70370772E+01
  0.35552318E+01 -0.71833338E+01
  0.36062280E+01 -0.73178457E+01
  0.36572242E+01 -0.72476165E+01
  0.37082203E+01 -0.71782517E+01
  0.37592165E+01 -0.71138863E+01
  0.38102127E+01 -0.70580169E+01
  0.38612089E+01 -0.70131424E+01
  0.39122050E+01 -0.69806185E+01
  0.39632012E+01 -0.69609796E+01
  0.40141974E+01 -0.69544140E+01
  0.40620417E+01 -0.69431897E+01
  0.41098860E+01 -0.69097256E+01
  0.41577303E+01 -0.68546752E+01
  0.42055747E+01 -0.67791701E+01
  0.42534190E+01 -0.66847902E+01
  0.43012633E+01 -0.65734771E+01
  0.43491076E+01 -0.64474257E+01
  0.43969519E+01 -0.63089632E+01
  
  0.00000000E+00 -0.59983537E+01
  0.50633664E-01 -0.59970197E+01
  0.10126733E+00 -0.59866158E+01
  0.15190099E+00 -0.59668803E+01
  0.20253466E+00 -0.59377901E+01
  0.25316832E+00 -0.58997481E+01
  0.30380198E+00 -0.58539395E+01
  0.35443565E+00 -0.58028456E+01
  0.40506931E+00 -0.57511544E+01
  0.45570298E+00 -0.57078107E+01
  0.50633664E+00 -0.56895729E+01
  0.55697030E+00 -0.57179328E+01
  0.60760397E+00 -0.57921630E+01
  0.65823763E+00 -0.58810576E+01
  0.70887130E+00 -0.59563656E+01
  0.75950496E+00 -0.60053115E+01
  0.81013863E+00 -0.60260251E+01
  0.86077229E+00 -0.60224169E+01
  0.91140595E+00 -0.60008157E+01
  0.96203962E+00 -0.59683156E+01
  0.10126733E+01 -0.59321692E+01
  0.10633069E+01 -0.58994390E+01
  0.11139406E+01 -0.58763912E+01
  0.11645743E+01 -0.58673547E+01
  0.12152079E+01 -0.58731580E+01
  0.12658416E+01 -0.58897512E+01
  0.13164753E+01 -0.59076467E+01
  0.13671089E+01 -0.58305162E+01
  0.14177426E+01 -0.56561238E+01
  0.14683763E+01 -0.54917577E+01
  0.15190099E+01 -0.53350142E+01
  0.15696436E+01 -0.51817470E+01
  0.16202773E+01 -0.50283521E+01
  0.16709109E+01 -0.48727697E+01
  0.17215446E+01 -0.47145364E+01
  0.17721782E+01 -0.45545295E+01
  0.18228119E+01 -0.45151880E+01
  0.18734456E+01 -0.45681804E+01
  0.19240792E+01 -0.46065812E+01
  0.19747129E+01 -0.46297675E+01
  0.20253466E+01 -0.46375102E+01
  0.20763427E+01 -0.46296576E+01
  0.21273389E+01 -0.46061479E+01
  0.21783351E+01 -0.45672429E+01
  0.22293313E+01 -0.45136608E+01
  0.22803274E+01 -0.45558132E+01
  0.23313236E+01 -0.47121859E+01
  0.23823198E+01 -0.48637895E+01
  0.24333160E+01 -0.50088364E+01
  0.24843121E+01 -0.51470858E+01
  0.25353083E+01 -0.52809014E+01
  0.25863045E+01 -0.54174163E+01
  0.26373007E+01 -0.55703339E+01
  0.26882968E+01 -0.57515936E+01
  0.27392930E+01 -0.58662951E+01
  0.27902892E+01 -0.58244643E+01
  0.28412854E+01 -0.57771933E+01
  0.28922815E+01 -0.57349812E+01
  0.29432777E+01 -0.57047493E+01
  0.29942739E+01 -0.56902784E+01
  0.30452701E+01 -0.56935454E+01
  0.30962662E+01 -0.57178585E+01
  0.31472624E+01 -0.57732767E+01
  0.31982586E+01 -0.58740327E+01
  0.32492548E+01 -0.60088275E+01
  0.33002509E+01 -0.61370276E+01
  0.33512471E+01 -0.61961397E+01
  0.34022433E+01 -0.61429107E+01
  0.34532395E+01 -0.60560884E+01
  0.35042356E+01 -0.60105251E+01
  0.35552318E+01 -0.60056361E+01
  0.36062280E+01 -0.60214939E+01
  0.36572242E+01 -0.60466945E+01
  0.37082203E+01 -0.60755266E+01
  0.37592165E+01 -0.61046000E+01
  0.38102127E+01 -0.61314938E+01
  0.38612089E+01 -0.61542799E+01
  0.39122050E+01 -0.61714617E+01
  0.39632012E+01 -0.61820684E+01
  0.40141974E+01 -0.61856426E+01
  0.40620417E+01 -0.61800829E+01
  0.41098860E+01 -0.61639681E+01
  0.41577303E+01 -0.61389700E+01
  0.42055747E+01 -0.61078355E+01
  0.42534190E+01 -0.60743038E+01
  0.43012633E+01 -0.60427049E+01
  0.43491076E+01 -0.60168724E+01
  0.43969519E+01 -0.59983537E+01
  
  0.00000000E+00 -0.48933714E+01
  0.50633664E-01 -0.49346136E+01
  0.10126733E+00 -0.50157335E+01
  0.15190099E+00 -0.51159354E+01
  0.20253466E+00 -0.52158105E+01
  0.25316832E+00 -0.53007062E+01
  0.30380198E+00 -0.53617281E+01
  0.35443565E+00 -0.53959598E+01
  0.40506931E+00 -0.54052206E+01
  0.45570298E+00 -0.53938769E+01
  0.50633664E+00 -0.53671986E+01
  0.55697030E+00 -0.53307966E+01
  0.60760397E+00 -0.52906443E+01
  0.65823763E+00 -0.52531006E+01
  0.70887130E+00 -0.52245622E+01
  0.75950496E+00 -0.52103835E+01
  0.81013863E+00 -0.52131097E+01
  0.86077229E+00 -0.52312079E+01
  0.91140595E+00 -0.52596399E+01
  0.96203962E+00 -0.52917995E+01
  0.10126733E+01 -0.53212619E+01
  0.10633069E+01 -0.53426425E+01
  0.11139406E+01 -0.53516986E+01
  0.11645743E+01 -0.53449591E+01
  0.12152079E+01 -0.53192155E+01
  0.12658416E+01 -0.52712423E+01
  0.13164753E+01 -0.51979099E+01
  0.13671089E+01 -0.50967453E+01
  0.14177426E+01 -0.49672338E+01
  0.14683763E+01 -0.48126308E+01
  0.15190099E+01 -0.46404415E+01
  0.15696436E+01 -0.44604451E+01
  0.16202773E+01 -0.42820780E+01
  0.16709109E+01 -0.42834991E+01
  0.17215446E+01 -0.43707031E+01
  0.17721782E+01 -0.44487684E+01
  0.18228119E+01 -0.43947491E+01
  0.18734456E+01 -0.42386430E+01
  0.19240792E+01 -0.40929313E+01
  0.19747129E+01 -0.39737500E+01
  0.20253466E+01 -0.39215258E+01
  0.20763427E+01 -0.39744313E+01
  0.21273389E+01 -0.40948111E+01
  0.21783351E+01 -0.42414030E+01
  0.22293313E+01 -0.43975069E+01
  0.22803274E+01 -0.44467710E+01
  0.23313236E+01 -0.43687300E+01
  0.23823198E+01 -0.42826731E+01
  0.24333160E+01 -0.43550816E+01
  0.24843121E+01 -0.45617541E+01
  0.25353083E+01 -0.47739517E+01
  0.25863045E+01 -0.49781029E+01
  0.26373007E+01 -0.51542832E+01
  0.26882968E+01 -0.52850721E+01
  0.27392930E+01 -0.53705109E+01
  0.27902892E+01 -0.54207802E+01
  0.28412854E+01 -0.54439119E+01
  0.28922815E+01 -0.54446332E+01
  0.29432777E+01 -0.54260201E+01
  0.29942739E+01 -0.53905172E+01
  0.30452701E+01 -0.53406465E+01
  0.30962662E+01 -0.52818511E+01
  0.31472624E+01 -0.54346055E+01
  0.31982586E+01 -0.55416339E+01
  0.32492548E+01 -0.56034510E+01
  0.33002509E+01 -0.56378307E+01
  0.33512471E+01 -0.56507464E+01
  0.34022433E+01 -0.56306857E+01
  0.34532395E+01 -0.55463189E+01
  0.35042356E+01 -0.53747547E+01
  0.35552318E+01 -0.51657051E+01
  0.36062280E+01 -0.52061128E+01
  0.36572242E+01 -0.52366237E+01
  0.37082203E+01 -0.52553329E+01
  0.37592165E+01 -0.52621254E+01
  0.38102127E+01 -0.52585043E+01
  0.38612089E+01 -0.52476374E+01
  0.39122050E+01 -0.52341849E+01
  0.39632012E+01 -0.52233380E+01
  0.40141974E+01 -0.52192026E+01
  0.40620417E+01 -0.52140140E+01
  0.41098860E+01 -0.51984242E+01
  0.41577303E+01 -0.51724042E+01
  0.42055747E+01 -0.51360214E+01
  0.42534190E+01 -0.50895175E+01
  0.43012633E+01 -0.50332869E+01
  0.43491076E+01 -0.49677661E+01
  0.43969519E+01 -0.48933714E+01
  
  0.00000000E+00 -0.37589755E+01
  0.50633664E-01 -0.37526045E+01
  0.10126733E+00 -0.37166212E+01
  0.15190099E+00 -0.36691455E+01
  0.20253466E+00 -0.38351705E+01
  0.25316832E+00 -0.40305029E+01
  0.30380198E+00 -0.42396019E+01
  0.35443565E+00 -0.44551549E+01
  0.40506931E+00 -0.46670657E+01
  0.45570298E+00 -0.48604423E+01
  0.50633664E+00 -0.50121954E+01
  0.55697030E+00 -0.50941778E+01
  0.60760397E+00 -0.51002686E+01
  0.65823763E+00 -0.50554603E+01
  0.70887130E+00 -0.49842156E+01
  0.75950496E+00 -0.48997385E+01
  0.81013863E+00 -0.48087407E+01
  0.86077229E+00 -0.47149612E+01
  0.91140595E+00 -0.46206492E+01
  0.96203962E+00 -0.45272060E+01
  0.10126733E+01 -0.44353754E+01
  0.10633069E+01 -0.43451284E+01
  0.11139406E+01 -0.42556465E+01
  0.11645743E+01 -0.41660484E+01
  0.12152079E+01 -0.40771892E+01
  0.12658416E+01 -0.39940154E+01
  0.13164753E+01 -0.39270788E+01
  0.13671089E+01 -0.38906038E+01
  0.14177426E+01 -0.38947471E+01
  0.14683763E+01 -0.39379582E+01
  0.15190099E+01 -0.40094583E+01
  0.15696436E+01 -0.40969523E+01
  0.16202773E+01 -0.41906247E+01
  0.16709109E+01 -0.41130694E+01
  0.17215446E+01 -0.39593050E+01
  0.17721782E+01 -0.38250800E+01
  0.18228119E+01 -0.37132490E+01
  0.18734456E+01 -0.36253739E+01
  0.19240792E+01 -0.35621443E+01
  0.19747129E+01 -0.35239517E+01
  0.20253466E+01 -0.35111622E+01
  0.20763427E+01 -0.35241663E+01
  0.21273389E+01 -0.35633114E+01
  0.21783351E+01 -0.36290494E+01
  0.22293313E+01 -0.37220763E+01
  0.22803274E+01 -0.38427934E+01
  0.23313236E+01 -0.39904658E+01
  0.23823198E+01 -0.41626394E+01
  0.24333160E+01 -0.41930389E+01
  0.24843121E+01 -0.41061108E+01
  0.25353083E+01 -0.40308863E+01
  0.25863045E+01 -0.39799160E+01
  0.26373007E+01 -0.39681348E+01
  0.26882968E+01 -0.40067695E+01
  0.27392930E+01 -0.40956051E+01
  0.27902892E+01 -0.42239634E+01
  0.28412854E+01 -0.43789751E+01
  0.28922815E+01 -0.45507059E+01
  0.29432777E+01 -0.47323722E+01
  0.29942739E+01 -0.49187981E+01
  0.30452701E+01 -0.51046586E+01
  0.30962662E+01 -0.52796464E+01
  0.31472624E+01 -0.52119232E+01
  0.31982586E+01 -0.51434662E+01
  0.32492548E+01 -0.50825045E+01
  0.33002509E+01 -0.50395726E+01
  0.33512471E+01 -0.50242453E+01
  0.34022433E+01 -0.50382991E+01
  0.34532395E+01 -0.50738031E+01
  0.35042356E+01 -0.51194225E+01
  0.35552318E+01 -0.51377442E+01
  0.36062280E+01 -0.48655971E+01
  0.36572242E+01 -0.45768589E+01
  0.37082203E+01 -0.42833237E+01
  0.37592165E+01 -0.40042899E+01
  0.38102127E+01 -0.40008063E+01
  0.38612089E+01 -0.40046553E+01
  0.39122050E+01 -0.40118474E+01
  0.39632012E+01 -0.40182654E+01
  0.40141974E+01 -0.40207924E+01
  0.40620417E+01 -0.40169670E+01
  0.41098860E+01 -0.40053935E+01
  0.41577303E+01 -0.39858099E+01
  0.42055747E+01 -0.39578689E+01
  0.42534190E+01 -0.39212521E+01
  0.43012633E+01 -0.38758032E+01
  0.43491076E+01 -0.38216084E+01
  0.43969519E+01 -0.37589755E+01
  
  0.00000000E+00 -0.33581552E+01
  0.50633664E-01 -0.33959745E+01
  0.10126733E+00 -0.35089492E+01
  0.15190099E+00 -0.36593459E+01
  0.20253466E+00 -0.36258229E+01
  0.25316832E+00 -0.35971076E+01
  0.30380198E+00 -0.35888622E+01
  0.35443565E+00 -0.36033596E+01
  0.40506931E+00 -0.36399588E+01
  0.45570298E+00 -0.36955813E+01
  0.50633664E+00 -0.37652406E+01
  0.55697030E+00 -0.38425856E+01
  0.60760397E+00 -0.39202236E+01
  0.65823763E+00 -0.39899008E+01
  0.70887130E+00 -0.40430587E+01
  0.75950496E+00 -0.40722622E+01
  0.81013863E+00 -0.40732454E+01
  0.86077229E+00 -0.40462324E+01
  0.91140595E+00 -0.39953104E+01
  0.96203962E+00 -0.39264324E+01
  0.10126733E+01 -0.38455661E+01
  0.10633069E+01 -0.37577335E+01
  0.11139406E+01 -0.36668649E+01
  0.11645743E+01 -0.35760498E+01
  0.12152079E+01 -0.34877464E+01
  0.12658416E+01 -0.34038600E+01
  0.13164753E+01 -0.33259037E+01
  0.13671089E+01 -0.32552754E+01
  0.14177426E+01 -0.31934217E+01
  0.14683763E+01 -0.31418336E+01
  0.15190099E+01 -0.31020911E+01
  0.15696436E+01 -0.30760040E+01
  0.16202773E+01 -0.30656006E+01
  0.16709109E+01 -0.30728477E+01
  0.17215446E+01 -0.30992542E+01
  0.17721782E+01 -0.31454524E+01
  0.18228119E+01 -0.32107145E+01
  0.18734456E+01 -0.32922970E+01
  0.19240792E+01 -0.33839135E+01
  0.19747129E+01 -0.34700742E+01
  0.20253466E+01 -0.35111620E+01
  0.20763427E+01 -0.34695224E+01
  0.21273389E+01 -0.33822095E+01
  0.21783351E+01 -0.32887359E+01
  0.22293313E+01 -0.32038349E+01
  0.22803274E+01 -0.31329433E+01
  0.23313236E+01 -0.30781805E+01
  0.23823198E+01 -0.30401529E+01
  0.24333160E+01 -0.30187759E+01
  0.24843121E+01 -0.30137201E+01
  0.25353083E+01 -0.30245600E+01
  0.25863045E+01 -0.30507802E+01
  0.26373007E+01 -0.30917876E+01
  0.26882968E+01 -0.31469084E+01
  0.27392930E+01 -0.32153016E+01
  0.27902892E+01 -0.32958609E+01
  0.28412854E+01 -0.33872040E+01
  0.28922815E+01 -0.34876934E+01
  0.29432777E+01 -0.35953881E+01
  0.29942739E+01 -0.37079618E+01
  0.30452701E+01 -0.38226833E+01
  0.30962662E+01 -0.39363726E+01
  0.31472624E+01 -0.40451053E+01
  0.31982586E+01 -0.41435658E+01
  0.32492548E+01 -0.42243011E+01
  0.33002509E+01 -0.42778856E+01
  0.33512471E+01 -0.42963354E+01
  0.34022433E+01 -0.42797785E+01
  0.34532395E+01 -0.42381153E+01
  0.35042356E+01 -0.41845362E+01
  0.35552318E+01 -0.41299644E+01
  0.36062280E+01 -0.40817089E+01
  0.36572242E+01 -0.40438688E+01
  0.37082203E+01 -0.40181042E+01
  0.37592165E+01 -0.39942751E+01
  0.38102127E+01 -0.37181763E+01
  0.38612089E+01 -0.34632880E+01
  0.39122050E+01 -0.32383216E+01
  0.39632012E+01 -0.30561999E+01
  0.40141974E+01 -0.29662302E+01
  0.40620417E+01 -0.29722331E+01
  0.41098860E+01 -0.29903687E+01
  0.41577303E+01 -0.30209510E+01
  0.42055747E+01 -0.30642635E+01
  0.42534190E+01 -0.31202666E+01
  0.43012633E+01 -0.31884795E+01
  0.43491076E+01 -0.32681111E+01
  0.43969519E+01 -0.33581552E+01
  
  0.00000000E+00 -0.30888765E+01
  0.50633664E-01 -0.30513116E+01
  0.10126733E+00 -0.29782509E+01
  0.15190099E+00 -0.29079189E+01
  0.20253466E+00 -0.28496092E+01
  0.25316832E+00 -0.28027780E+01
  0.30380198E+00 -0.27631197E+01
  0.35443565E+00 -0.27250852E+01
  0.40506931E+00 -0.26835758E+01
  0.45570298E+00 -0.26350564E+01
  0.50633664E+00 -0.25782798E+01
  0.55697030E+00 -0.25147574E+01
  0.60760397E+00 -0.24489136E+01
  0.65823763E+00 -0.23877941E+01
  0.70887130E+00 -0.23401232E+01
  0.75950496E+00 -0.23144285E+01
  0.81013863E+00 -0.23164439E+01
  0.86077229E+00 -0.23470291E+01
  0.91140595E+00 -0.24020142E+01
  0.96203962E+00 -0.24739640E+01
  0.10126733E+01 -0.25545342E+01
  0.10633069E+01 -0.26362915E+01
  0.11139406E+01 -0.27137276E+01
  0.11645743E+01 -0.27834168E+01
  0.12152079E+01 -0.28429778E+01
  0.12658416E+01 -0.28887217E+01
  0.13164753E+01 -0.29131899E+01
  0.13671089E+01 -0.29058829E+01
  0.14177426E+01 -0.28602468E+01
  0.14683763E+01 -0.27810605E+01
  0.15190099E+01 -0.26819514E+01
  0.15696436E+01 -0.25776540E+01
  0.16202773E+01 -0.24796705E+01
  0.16709109E+01 -0.23952330E+01
  0.17215446E+01 -0.23275334E+01
  0.17721782E+01 -0.22766046E+01
  0.18228119E+01 -0.22405154E+01
  0.18734456E+01 -0.22164517E+01
  0.19240792E+01 -0.22015489E+01
  0.19747129E+01 -0.21935193E+01
  0.20253466E+01 -0.21909892E+01
  0.20763427E+01 -0.21935548E+01
  0.21273389E+01 -0.22017069E+01
  0.21783351E+01 -0.22168468E+01
  0.22293313E+01 -0.22412820E+01
  0.22803274E+01 -0.22778955E+01
  0.23313236E+01 -0.23294810E+01
  0.23823198E+01 -0.23978084E+01
  0.24333160E+01 -0.24824720E+01
  0.24843121E+01 -0.25796938E+01
  0.25353083E+01 -0.26814482E+01
  0.25863045E+01 -0.27753921E+01
  0.26373007E+01 -0.28468560E+01
  0.26882968E+01 -0.28848685E+01
  0.27392930E+01 -0.28888742E+01
  0.27902892E+01 -0.28667764E+01
  0.28412854E+01 -0.28266292E+01
  0.28922815E+01 -0.27723542E+01
  0.29432777E+01 -0.27046510E+01
  0.29942739E+01 -0.26235266E+01
  0.30452701E+01 -0.25303858E+01
  0.30962662E+01 -0.24290879E+01
  0.31472624E+01 -0.23261046E+01
  0.31982586E+01 -0.22301948E+01
  0.32492548E+01 -0.21516773E+01
  0.33002509E+01 -0.21006281E+01
  0.33512471E+01 -0.20833720E+01
  0.34022433E+01 -0.20989515E+01
  0.34532395E+01 -0.21392673E+01
  0.35042356E+01 -0.21932371E+01
  0.35552318E+01 -0.22510519E+01
  0.36062280E+01 -0.23061087E+01
  0.36572242E+01 -0.23553192E+01
  0.37082203E+01 -0.23989216E+01
  0.37592165E+01 -0.24400310E+01
  0.38102127E+01 -0.24838330E+01
  0.38612089E+01 -0.25365015E+01
  0.39122050E+01 -0.26036029E+01
  0.39632012E+01 -0.26849120E+01
  0.40141974E+01 -0.27401719E+01
  0.40620417E+01 -0.27527348E+01
  0.41098860E+01 -0.27887381E+01
  0.41577303E+01 -0.28432947E+01
  0.42055747E+01 -0.29088423E+01
  0.42534190E+01 -0.29759915E+01
  0.43012633E+01 -0.30345682E+01
  0.43491076E+01 -0.30748230E+01
  0.43969519E+01 -0.30888765E+01
  
  0.00000000E+00  0.16077280E+00
  0.50633664E-01  0.12436752E+00
  0.10126733E+00  0.76372638E-01
  0.15190099E+00  0.40407181E-01
  0.20253466E+00  0.23267296E-01
  0.25316832E+00  0.26649367E-01
  0.30380198E+00  0.47150725E-01
  0.35443565E+00  0.76430702E-01
  0.40506931E+00  0.10276613E+00
  0.45570298E+00  0.11514207E+00
  0.50633664E+00  0.10851838E+00
  0.55697030E+00  0.85400700E-01
  0.60760397E+00  0.53193190E-01
  0.65823763E+00  0.21306679E-01
  0.70887130E+00 -0.76955370E-03
  0.75950496E+00 -0.54503328E-02
  0.81013863E+00  0.10624649E-01
  0.86077229E+00  0.44901482E-01
  0.91140595E+00  0.88931762E-01
  0.96203962E+00  0.12995351E+00
  0.10126733E+01  0.15296813E+00
  0.10633069E+01  0.14391474E+00
  0.11139406E+01  0.98255106E-01
  0.11645743E+01  0.29603828E-01
  0.12152079E+01 -0.39660704E-01
  0.12658416E+01 -0.92636501E-01
  0.13164753E+01 -0.12100040E+00
  0.13671089E+01 -0.12312148E+00
  0.14177426E+01 -0.10169514E+00
  0.14683763E+01 -0.61240355E-01
  0.15190099E+01 -0.53932826E-02
  0.15696436E+01  0.65073187E-01
  0.16202773E+01  0.15181374E+00
  0.16709109E+01  0.25618638E+00
  0.17215446E+01  0.37664266E+00
  0.17721782E+01  0.50789269E+00
  0.18228119E+01  0.59220304E+00
  0.18734456E+01  0.65293536E+00
  0.19240792E+01  0.70750487E+00
  0.19747129E+01  0.74573735E+00
  0.20253466E+01  0.75953566E+00
  0.20763427E+01  0.74552983E+00
  0.21273389E+01  0.70662900E+00
  0.21783351E+01  0.65074144E+00
  0.22293313E+01  0.58761826E+00
  0.22803274E+01  0.50461089E+00
  0.23313236E+01  0.37258877E+00
  0.23823198E+01  0.25006506E+00
  0.24333160E+01  0.14096101E+00
  0.24843121E+01  0.45726323E-01
  0.25353083E+01 -0.36554277E-01
  0.25863045E+01 -0.10482552E+00
  0.26373007E+01 -0.15455294E+00
  0.26882968E+01 -0.17920523E+00
  0.27392930E+01 -0.17309502E+00
  0.27902892E+01 -0.13422021E+00
  0.28412854E+01 -0.66952517E-01
  0.28922815E+01  0.14882324E-01
  0.29432777E+01  0.85345542E-01
  0.29942739E+01  0.11421418E+00
  0.30452701E+01  0.90467560E-01
  0.30962662E+01  0.25529366E-01
  0.31472624E+01 -0.63007561E-01
  0.31982586E+01 -0.15764792E+00
  0.32492548E+01 -0.24127209E+00
  0.33002509E+01 -0.29836506E+00
  0.33512471E+01 -0.31837813E+00
  0.34022433E+01 -0.29925372E+00
  0.34532395E+01 -0.24742635E+00
  0.35042356E+01 -0.17389346E+00
  0.35552318E+01 -0.90041866E-01
  0.36062280E+01 -0.56115559E-02
  0.36572242E+01  0.71651740E-01
  0.37082203E+01  0.13571284E+00
  0.37592165E+01  0.18205342E+00
  0.38102127E+01  0.20828618E+00
  0.38612089E+01  0.21590988E+00
  0.39122050E+01  0.21138859E+00
  0.39632012E+01  0.20378037E+00
  0.40141974E+01  0.20035520E+00
  0.40620417E+01  0.19762566E+00
  0.41098860E+01  0.18995465E+00
  0.41577303E+01  0.17886510E+00
  0.42055747E+01  0.16670423E+00
  0.42534190E+01  0.15624303E+00
  0.43012633E+01  0.15022881E+00
  0.43491076E+01  0.15109313E+00
  0.43969519E+01  0.16077280E+00
  
  0.00000000E+00  0.23451486E+00
  0.50633664E-01  0.28158154E+00
  0.10126733E+00  0.34301499E+00
  0.15190099E+00  0.40025938E+00
  0.20253466E+00  0.45100222E+00
  0.25316832E+00  0.49569788E+00
  0.30380198E+00  0.53688752E+00
  0.35443565E+00  0.57952206E+00
  0.40506931E+00  0.63055781E+00
  0.45570298E+00  0.69608832E+00
  0.50633664E+00  0.77697230E+00
  0.55697030E+00  0.86766247E+00
  0.60760397E+00  0.95876152E+00
  0.65823763E+00  0.10393946E+01
  0.70887130E+00  0.10983349E+01
  0.75950496E+00  0.11252774E+01
  0.81013863E+00  0.11130768E+01
  0.86077229E+00  0.10602825E+01
  0.91140595E+00  0.97254732E+00
  0.96203962E+00  0.86223177E+00
  0.10126733E+01  0.74679333E+00
  0.10633069E+01  0.64556223E+00
  0.11139406E+01  0.57084919E+00
  0.11645743E+01  0.51871366E+00
  0.12152079E+01  0.47735945E+00
  0.12658416E+01  0.44002782E+00
  0.13164753E+01  0.40670487E+00
  0.13671089E+01  0.38137742E+00
  0.14177426E+01  0.36973114E+00
  0.14683763E+01  0.37731647E+00
  0.15190099E+01  0.40741271E+00
  0.15696436E+01  0.45912088E+00
  0.16202773E+01  0.46193618E+00
  0.16709109E+01  0.46544042E+00
  0.17215446E+01  0.49098241E+00
  0.17721782E+01  0.53533401E+00
  0.18228119E+01  0.64148269E+00
  0.18734456E+01  0.76656571E+00
  0.19240792E+01  0.81077661E+00
  0.19747129E+01  0.77241704E+00
  0.20253466E+01  0.75953580E+00
  0.20763427E+01  0.77261638E+00
  0.21273389E+01  0.81168705E+00
  0.21783351E+01  0.76445638E+00
  0.22293313E+01  0.63868150E+00
  0.22803274E+01  0.52664722E+00
  0.23313236E+01  0.47583279E+00
  0.23823198E+01  0.44106214E+00
  0.24333160E+01  0.42553756E+00
  0.24843121E+01  0.43000654E+00
  0.25353083E+01  0.41047874E+00
  0.25863045E+01  0.39090717E+00
  0.26373007E+01  0.39381466E+00
  0.26882968E+01  0.41388968E+00
  0.27392930E+01  0.44454776E+00
  0.27902892E+01  0.47990976E+00
  0.28412854E+01  0.51687957E+00
  0.28922815E+01  0.55853741E+00
  0.29432777E+01  0.61827389E+00
  0.29942739E+01  0.71414777E+00
  0.30452701E+01  0.84735462E+00
  0.30962662E+01  0.99058841E+00
  0.31472624E+01  0.97619735E+00
  0.31982586E+01  0.95448958E+00
  0.32492548E+01  0.93163292E+00
  0.33002509E+01  0.91376867E+00
  0.33512471E+01  0.90662265E+00
  0.34022433E+01  0.91536681E+00
  0.34532395E+01  0.94433830E+00
  0.35042356E+01  0.99664420E+00
  0.35552318E+01  0.10740489E+01
  0.36062280E+01  0.11332761E+01
  0.36572242E+01  0.10329278E+01
  0.37082203E+01  0.93828520E+00
  0.37592165E+01  0.85586874E+00
  0.38102127E+01  0.79110034E+00
  0.38612089E+01  0.74641130E+00
  0.39122050E+01  0.71985382E+00
  0.39632012E+01  0.70670823E+00
  0.40141974E+01  0.70283695E+00
  0.40620417E+01  0.69027756E+00
  0.41098860E+01  0.65440893E+00
  0.41577303E+01  0.59990759E+00
  0.42055747E+01  0.53264846E+00
  0.42534190E+01  0.45823660E+00
  0.43012633E+01  0.38134113E+00
  0.43491076E+01  0.30571170E+00
  0.43969519E+01  0.23451486E+00
  
  0.00000000E+00  0.13493411E+01
  0.50633664E-01  0.13511585E+01
  0.10126733E+00  0.13166999E+01
  0.15190099E+00  0.12605212E+01
  0.20253466E+00  0.11953611E+01
  0.25316832E+00  0.11307516E+01
  0.30380198E+00  0.10736112E+01
  0.35443565E+00  0.10286726E+01
  0.40506931E+00  0.99875708E+00
  0.45570298E+00  0.98499466E+00
  0.50633664E+00  0.98706525E+00
  0.55697030E+00  0.10035278E+01
  0.60760397E+00  0.10321240E+01
  0.65823763E+00  0.10699220E+01
  0.70887130E+00  0.11133823E+01
  0.75950496E+00  0.11584656E+01
  0.81013863E+00  0.12006902E+01
  0.86077229E+00  0.12350840E+01
  0.91140595E+00  0.12563894E+01
  0.96203962E+00  0.12599520E+01
  0.10126733E+01  0.12429921E+01
  0.10633069E+01  0.12053271E+01
  0.11139406E+01  0.11490986E+01
  0.11645743E+01  0.10779574E+01
  0.12152079E+01  0.99626245E+00
  0.12658416E+01  0.90848214E+00
  0.13164753E+01  0.81883771E+00
  0.13671089E+01  0.73126063E+00
  0.14177426E+01  0.64962980E+00
  0.14683763E+01  0.57800089E+00
  0.15190099E+01  0.52048987E+00
  0.15696436E+01  0.48083271E+00
  0.16202773E+01  0.52739677E+00
  0.16709109E+01  0.60510667E+00
  0.17215446E+01  0.68515569E+00
  0.17721782E+01  0.76156890E+00
  0.18228119E+01  0.82976654E+00
  0.18734456E+01  0.87341105E+00
  0.19240792E+01  0.87045132E+00
  0.19747129E+01  0.93994805E+00
  0.20253466E+01  0.96448596E+00
  0.20763427E+01  0.93960687E+00
  0.21273389E+01  0.86927044E+00
  0.21783351E+01  0.87583148E+00
  0.22293313E+01  0.82678935E+00
  0.22803274E+01  0.75660041E+00
  0.23313236E+01  0.67793521E+00
  0.23823198E+01  0.59614519E+00
  0.24333160E+01  0.51865938E+00
  0.24843121E+01  0.45422586E+00
  0.25353083E+01  0.45360587E+00
  0.25863045E+01  0.49441389E+00
  0.26373007E+01  0.54951159E+00
  0.26882968E+01  0.61514841E+00
  0.27392930E+01  0.68717251E+00
  0.27902892E+01  0.76119123E+00
  0.28412854E+01  0.83231490E+00
  0.28922815E+01  0.89517026E+00
  0.29432777E+01  0.94471636E+00
  0.29942739E+01  0.97745320E+00
  0.30452701E+01  0.99225834E+00
  0.30962662E+01  0.99996653E+00
  0.31472624E+01  0.11513298E+01
  0.31982586E+01  0.12843549E+01
  0.32492548E+01  0.13860567E+01
  0.33002509E+01  0.14483290E+01
  0.33512471E+01  0.14687088E+01
  0.34022433E+01  0.14500425E+01
  0.34532395E+01  0.13989259E+01
  0.35042356E+01  0.13236457E+01
  0.35552318E+01  0.12325392E+01
  0.36062280E+01  0.11770703E+01
  0.36572242E+01  0.13046289E+01
  0.37082203E+01  0.14531128E+01
  0.37592165E+01  0.16155928E+01
  0.38102127E+01  0.17808714E+01
  0.38612089E+01  0.19183770E+01
  0.39122050E+01  0.19083567E+01
  0.39632012E+01  0.18693853E+01
  0.40141974E+01  0.18552513E+01
  0.40620417E+01  0.18473353E+01
  0.41098860E+01  0.18235433E+01
  0.41577303E+01  0.17836923E+01
  0.42055747E+01  0.17274942E+01
  0.42534190E+01  0.16548835E+01
  0.43012633E+01  0.15664642E+01
  0.43491076E+01  0.14637741E+01
  0.43969519E+01  0.13493411E+01
  
  0.00000000E+00  0.20194556E+01
  0.50633664E-01  0.20441996E+01
  0.10126733E+00  0.20895793E+01
  0.15190099E+00  0.21451097E+01
  0.20253466E+00  0.22047501E+01
  0.25316832E+00  0.22663152E+01
  0.30380198E+00  0.23290138E+01
  0.35443565E+00  0.23916960E+01
  0.40506931E+00  0.24520385E+01
  0.45570298E+00  0.25066774E+01
  0.50633664E+00  0.25519568E+01
  0.55697030E+00  0.25846845E+01
  0.60760397E+00  0.26026352E+01
  0.65823763E+00  0.26049301E+01
  0.70887130E+00  0.25923079E+01
  0.75950496E+00  0.25671147E+01
  0.81013863E+00  0.25330032E+01
  0.86077229E+00  0.24944532E+01
  0.91140595E+00  0.24560254E+01
  0.96203962E+00  0.24212338E+01
  0.10126733E+01  0.23913770E+01
  0.10633069E+01  0.23649879E+01
  0.11139406E+01  0.23382017E+01
  0.11645743E+01  0.23058713E+01
  0.12152079E+01  0.22630527E+01
  0.12658416E+01  0.22062288E+01
  0.13164753E+01  0.21336990E+01
  0.13671089E+01  0.20453128E+01
  0.14177426E+01  0.19421842E+01
  0.14683763E+01  0.18265362E+01
  0.15190099E+01  0.17013648E+01
  0.15696436E+01  0.15700095E+01
  0.16202773E+01  0.14360674E+01
  0.16709109E+01  0.13035670E+01
  0.17215446E+01  0.11768632E+01
  0.17721782E+01  0.10602404E+01
  0.18228119E+01  0.95776734E+00
  0.18734456E+01  0.88640189E+00
  0.19240792E+01  0.92896694E+00
  0.19747129E+01  0.95547127E+00
  0.20253466E+01  0.96448615E+00
  0.20763427E+01  0.95533678E+00
  0.21273389E+01  0.92837004E+00
  0.21783351E+01  0.88488881E+00
  0.22293313E+01  0.96281966E+00
  0.22803274E+01  0.10692684E+01
  0.23313236E+01  0.11912855E+01
  0.23823198E+01  0.13247111E+01
  0.24333160E+01  0.14649044E+01
  0.24843121E+01  0.16068430E+01
  0.25353083E+01  0.17457500E+01
  0.25863045E+01  0.18775677E+01
  0.26373007E+01  0.19989098E+01
  0.26882968E+01  0.21070674E+01
  0.27392930E+01  0.22005864E+01
  0.27902892E+01  0.22799704E+01
  0.28412854E+01  0.23477381E+01
  0.28922815E+01  0.24077878E+01
  0.29432777E+01  0.24645503E+01
  0.29942739E+01  0.25220583E+01
  0.30452701E+01  0.25827763E+01
  0.30962662E+01  0.26465430E+01
  0.31472624E+01  0.27104128E+01
  0.31982586E+01  0.27695215E+01
  0.32492548E+01  0.28182234E+01
  0.33002509E+01  0.28509120E+01
  0.33512471E+01  0.28626756E+01
  0.34022433E+01  0.28500130E+01
  0.34532395E+01  0.28113802E+01
  0.35042356E+01  0.27473441E+01
  0.35552318E+01  0.26605375E+01
  0.36062280E+01  0.25556061E+01
  0.36572242E+01  0.24389077E+01
  0.37082203E+01  0.23177797E+01
  0.37592165E+01  0.21998795E+01
  0.38102127E+01  0.20938320E+01
  0.38612089E+01  0.20241126E+01
  0.39122050E+01  0.20998631E+01
  0.39632012E+01  0.21878255E+01
  0.40141974E+01  0.22202484E+01
  0.40620417E+01  0.22174575E+01
  0.41098860E+01  0.22089476E+01
  0.41577303E+01  0.21944230E+01
  0.42055747E+01  0.21736092E+01
  0.42534190E+01  0.21462315E+01
  0.43012633E+01  0.21118394E+01
  0.43491076E+01  0.20697843E+01
  0.43969519E+01  0.20194556E+01
  
