0.500000 3.166098
1.000000 3.166098
1.500000 3.166098
2.000000 3.166098
2.500000 3.166098
3.000000 3.166098
3.500000 3.166098
4.000000 3.166098
4.500000 3.166098
5.000000 3.166098
5.500000 3.166098
6.000000 3.166098
6.500000 3.166098
7.000000 3.166098
7.500000 3.166098
8.000000 3.166098
8.500000 3.166098
9.000000 3.166098
9.500000 3.166098
10.000000 3.166098
10.500000 3.166098
11.000000 3.166098
11.500000 3.166098
12.000000 3.166098
12.500000 3.166098
13.000000 3.166098
13.500000 3.166098
14.000000 3.166098
14.500000 3.166098
15.000000 3.166098
15.500000 3.166098
16.000000 3.166098
16.500000 3.166098
17.000000 3.166098
17.500000 3.166098
18.000000 3.166098
18.500000 3.166098
19.000000 3.166098
19.500000 3.166098
20.000000 3.166098
20.500000 3.166098
21.000000 3.166098
21.500000 3.166098
22.000000 3.166098
22.500000 3.166098
23.000000 3.166098
23.500000 3.166098
24.000000 3.166098
24.500000 3.166098
25.000000 3.166098
25.500000 3.166098
26.000000 3.166098
26.500000 3.166098
27.000000 3.166098
27.500000 3.166098
28.000000 3.166098
28.500000 3.166098
29.000000 3.166098
29.500000 3.166098
30.000000 3.166098
30.500000 3.166098
31.000000 3.166098
31.500000 3.166098
32.000000 3.166098
32.500000 3.166098
33.000000 3.166098
33.500000 3.166098
34.000000 3.166098
34.500000 3.166098
35.000000 3.166098
35.500000 3.166098
36.000000 3.166098
36.500000 3.166098
37.000000 3.166098
37.500000 3.166098
38.000000 3.166098
38.500000 3.166098
39.000000 3.166098
39.500000 3.166098
40.000000 3.166098
40.500000 3.166098
41.000000 3.166098
41.500000 3.166098
42.000000 3.166098
42.500000 3.166098
43.000000 3.166098
43.500000 3.166098
44.000000 3.166098
44.500000 3.166098
45.000000 3.166098
45.500000 3.166098
46.000000 3.166098
46.500000 3.166098
47.000000 3.166098
47.500000 3.166098
48.000000 3.166098
48.500000 3.166098
49.000000 3.166098
49.500000 3.166098
50.000000 3.166098
50.500000 3.166098
51.000000 3.166098
51.500000 3.166098
52.000000 3.166098
52.500000 3.166098
53.000000 3.166098
53.500000 3.166098
54.000000 3.166098
54.500000 3.166098
55.000000 3.166098
55.500000 3.166098
56.000000 3.166098
56.500000 3.166098
57.000000 3.166098
57.500000 3.166098
58.000000 3.166098
58.500000 3.166098
59.000000 3.166098
59.500000 3.166098
60.000000 3.166098
60.500000 3.166098
61.000000 3.166098
61.500000 3.166098
62.000000 3.166098
62.500000 3.166098
63.000000 3.166098
63.500000 3.166098
64.000000 3.166098
64.500000 3.166098
65.000000 3.166098
65.500000 3.166098
66.000000 3.166098
66.500000 3.166098
67.000000 3.166098
67.500000 3.166098
68.000000 3.166098
68.500000 3.166098
69.000000 3.166098
69.500000 3.166098
70.000000 3.166098
70.500000 3.166098
71.000000 3.166098
71.500000 3.166098
72.000000 3.166098
72.500000 3.166098
73.000000 3.166098
73.500000 3.166098
74.000000 3.166098
74.500000 3.166098
75.000000 3.166098
75.500000 3.166098
76.000000 3.166098
76.500000 3.166098
77.000000 3.166098
77.500000 3.166098
78.000000 3.166098
78.500000 3.166098
79.000000 3.166098
79.500000 3.166098
80.000000 3.166098
80.500000 3.166098
81.000000 3.166098
81.500000 3.166098
82.000000 3.166098
82.500000 3.166098
83.000000 3.166098
83.500000 3.166098
84.000000 3.166098
84.500000 3.166098
85.000000 3.166098
85.500000 3.166098
86.000000 3.166098
86.500000 3.166098
87.000000 3.166098
87.500000 3.166098
88.000000 3.166098
88.500000 3.166098
89.000000 3.166098
89.500000 3.166098
90.000000 3.166098
90.500000 3.166098
91.000000 3.166098
91.500000 3.166098
92.000000 3.166098
92.500000 3.166098
93.000000 3.166098
93.500000 3.166098
94.000000 3.166098
94.500000 3.166098
95.000000 3.166098
95.500000 3.166098
96.000000 3.166098
96.500000 3.166098
97.000000 3.166098
97.500000 3.166098
98.000000 3.166098
98.500000 3.166098
99.000000 3.166098
99.500000 3.166098
100.000000 3.166098
100.500000 3.166098
101.000000 3.166098
101.500000 3.166098
102.000000 3.166098
102.500000 3.166098
103.000000 3.166098
103.500000 3.166098
104.000000 3.166098
104.500000 3.166098
105.000000 3.166098
105.500000 3.166098
106.000000 3.166098
106.500000 3.166098
107.000000 3.166098
107.500000 3.166098
108.000000 3.166098
108.500000 3.166098
109.000000 3.166098
109.500000 3.166098
110.000000 3.166098
110.500000 3.166098
111.000000 3.166098
111.500000 3.166098
112.000000 3.166098
112.500000 3.166098
113.000000 3.166098
113.500000 3.166098
114.000000 3.166098
114.500000 3.166098
115.000000 3.166098
115.500000 3.166098
116.000000 3.166098
116.500000 3.166098
117.000000 3.166098
117.500000 3.166098
118.000000 3.166098
118.500000 3.166098
119.000000 3.166098
119.500000 3.166098
120.000000 3.166098
120.500000 3.166098
121.000000 3.166098
121.500000 3.166098
122.000000 3.166098
122.500000 3.166098
123.000000 3.166098
123.500000 3.166098
124.000000 3.166098
124.500000 3.166098
125.000000 3.166098
125.500000 3.166098
126.000000 3.166098
126.500000 3.166098
127.000000 3.166098
127.500000 3.166098
128.000000 3.166098
128.500000 3.166098
129.000000 3.166098
129.500000 3.166098
130.000000 3.166098
130.500000 3.166098
131.000000 3.166098
131.500000 3.166098
132.000000 3.166098
132.500000 3.166098
133.000000 3.166098
133.500000 3.166098
134.000000 3.166098
134.500000 3.166098
135.000000 3.166098
135.500000 3.166098
136.000000 3.166098
136.500000 3.166098
137.000000 3.166098
137.500000 3.166098
138.000000 3.166098
138.500000 3.166098
139.000000 3.166098
139.500000 3.166098
140.000000 3.166098
140.500000 3.166098
141.000000 3.166098
141.500000 3.166098
142.000000 3.166098
142.500000 3.166098
143.000000 3.166098
143.500000 3.166098
144.000000 3.166098
144.500000 3.166098
145.000000 3.166098
145.500000 3.166098
146.000000 3.166098
146.500000 3.166098
147.000000 3.166098
147.500000 3.166098
148.000000 3.166098
148.500000 3.166098
149.000000 3.166098
149.500000 3.166098
150.000000 3.166098
150.500000 3.166098
151.000000 3.166098
151.500000 3.166098
152.000000 3.166098
152.500000 3.166098
153.000000 3.166098
153.500000 3.166098
154.000000 3.166098
154.500000 3.166098
155.000000 3.166098
155.500000 3.166098
156.000000 3.166098
156.500000 3.166098
157.000000 3.166098
157.500000 3.166098
158.000000 3.166098
158.500000 3.166098
159.000000 3.166098
159.500000 3.166098
160.000000 3.166098
160.500000 3.166098
161.000000 3.166098
161.500000 3.166098
162.000000 3.166098
162.500000 3.166098
163.000000 3.166098
163.500000 3.166098
164.000000 3.166098
164.500000 3.166098
165.000000 3.166098
165.500000 3.166098
166.000000 3.166098
166.500000 3.166098
167.000000 3.166098
167.500000 3.166098
168.000000 3.166098
168.500000 3.166098
169.000000 3.166098
169.500000 3.166098
170.000000 3.166098
170.500000 3.166098
171.000000 3.166098
171.500000 3.166098
172.000000 3.166098
172.500000 3.166098
173.000000 3.166098
173.500000 3.166098
174.000000 3.166098
174.500000 3.166098
175.000000 3.166098
175.500000 3.166098
176.000000 3.166098
176.500000 3.166098
177.000000 3.166098
177.500000 3.166098
178.000000 3.166098
178.500000 3.166098
179.000000 3.166098
179.500000 3.166098
180.000000 3.166098
180.500000 3.166098
181.000000 3.166098
181.500000 3.166098
182.000000 3.166098
182.500000 3.166098
183.000000 3.166098
183.500000 3.166098
184.000000 3.166098
184.500000 3.166098
185.000000 3.166098
185.500000 3.166098
186.000000 3.166098
186.500000 3.166098
187.000000 3.166098
187.500000 3.166098
188.000000 3.166098
188.500000 3.166098
189.000000 3.166098
189.500000 3.166098
190.000000 3.166098
190.500000 3.166098
191.000000 3.166098
191.500000 3.166098
192.000000 3.166098
192.500000 3.166098
193.000000 3.166098
193.500000 3.166098
194.000000 3.166098
194.500000 3.166098
195.000000 3.166098
195.500000 3.166098
196.000000 3.166098
196.500000 3.166098
197.000000 3.166098
197.500000 3.166098
198.000000 3.166098
198.500000 3.166098
199.000000 3.166098
199.500000 3.166098
200.000000 3.166098
200.500000 3.166098
201.000000 3.166098
201.500000 3.166098
202.000000 3.166098
202.500000 3.166098
203.000000 3.166098
203.500000 3.166098
204.000000 3.166098
204.500000 3.166098
205.000000 3.166098
205.500000 3.166098
206.000000 3.166098
206.500000 3.166098
207.000000 3.166098
207.500000 3.166098
208.000000 3.166098
208.500000 3.166098
209.000000 3.166098
209.500000 3.166098
210.000000 3.166098
210.500000 3.166098
211.000000 3.166098
211.500000 3.166098
212.000000 3.166098
212.500000 3.166098
213.000000 3.166098
213.500000 3.166098
214.000000 3.166098
214.500000 3.166098
215.000000 3.166098
215.500000 3.166098
216.000000 3.166098
216.500000 3.166098
217.000000 3.166098
217.500000 3.166098
218.000000 3.166098
218.500000 3.166098
219.000000 3.166098
219.500000 3.166098
220.000000 3.166098
220.500000 3.166098
221.000000 3.166098
221.500000 3.166098
222.000000 3.166098
222.500000 3.166098
223.000000 3.166098
223.500000 3.166098
224.000000 3.166098
224.500000 3.166098
225.000000 3.166098
225.500000 3.166098
226.000000 3.166098
226.500000 3.166098
227.000000 3.166098
227.500000 3.166098
228.000000 3.166098
228.500000 3.166098
229.000000 3.166098
229.500000 3.166098
230.000000 3.166098
230.500000 3.166098
231.000000 3.166098
231.500000 3.166098
232.000000 3.166098
232.500000 3.166098
233.000000 3.166098
233.500000 3.166098
234.000000 3.166098
234.500000 3.166098
235.000000 3.166098
235.500000 3.166098
236.000000 3.166098
236.500000 3.166098
237.000000 3.166098
237.500000 3.166098
238.000000 3.166098
238.500000 3.166098
239.000000 3.166098
239.500000 3.166098
240.000000 3.166098
240.500000 3.166098
241.000000 3.166098
241.500000 3.166098
242.000000 3.166098
242.500000 3.166098
243.000000 3.166098
243.500000 3.166098
244.000000 3.166098
244.500000 3.166098
245.000000 3.166098
245.500000 3.166098
246.000000 3.166098
246.500000 3.166098
247.000000 3.166098
247.500000 3.166098
248.000000 3.166098
248.500000 3.166098
249.000000 3.166098
249.500000 3.166098
250.000000 3.166098
250.500000 3.166098
251.000000 3.166098
251.500000 3.166098
252.000000 3.166098
252.500000 3.166098
253.000000 3.166098
253.500000 3.166098
254.000000 3.166098
254.500000 3.166098
255.000000 3.166098
255.500000 3.166098
256.000000 3.166098
256.500000 3.166098
257.000000 3.166098
257.500000 3.166098
258.000000 3.166098
258.500000 3.166098
259.000000 3.166098
259.500000 3.166098
260.000000 3.166098
260.500000 3.166098
261.000000 3.166098
261.500000 3.166098
262.000000 3.166098
262.500000 3.166098
263.000000 3.166098
263.500000 3.166098
264.000000 3.166098
264.500000 3.166098
265.000000 3.166098
265.500000 3.166098
266.000000 3.166098
266.500000 3.166098
267.000000 3.166098
267.500000 3.166098
268.000000 3.166098
268.500000 3.166098
269.000000 3.166098
269.500000 3.166098
270.000000 3.166098
270.500000 3.166098
271.000000 3.166098
271.500000 3.166098
272.000000 3.166098
272.500000 3.166098
273.000000 3.166098
273.500000 3.166098
274.000000 3.166098
274.500000 3.166098
275.000000 3.166098
275.500000 3.166098
276.000000 3.166098
276.500000 3.166098
277.000000 3.166098
277.500000 3.166098
278.000000 3.166098
278.500000 3.166098
279.000000 3.166098
279.500000 3.166098
280.000000 3.166098
280.500000 3.166098
281.000000 3.166098
281.500000 3.166098
282.000000 3.166098
282.500000 3.166098
283.000000 3.166098
283.500000 3.166098
284.000000 3.166098
284.500000 3.166098
285.000000 3.166098
285.500000 3.166098
286.000000 3.166098
286.500000 3.166098
287.000000 3.166098
287.500000 3.166098
288.000000 3.166098
288.500000 3.166098
289.000000 3.166098
289.500000 3.166098
290.000000 3.166098
290.500000 3.166098
291.000000 3.166098
291.500000 3.166098
292.000000 3.166098
292.500000 3.166098
293.000000 3.166098
293.500000 3.166098
294.000000 3.166098
294.500000 3.166098
295.000000 3.166098
295.500000 3.166098
296.000000 3.166098
296.500000 3.166098
297.000000 3.166098
297.500000 3.166098
298.000000 3.166098
298.500000 3.166098
299.000000 3.166098
299.500000 3.166098
300.000000 3.166098
300.500000 3.166098
301.000000 3.166098
301.500000 3.166098
302.000000 3.166098
302.500000 3.166098
303.000000 3.166098
303.500000 3.166098
304.000000 3.166098
304.500000 3.166098
305.000000 3.166098
305.500000 3.166098
306.000000 3.166098
306.500000 3.166098
307.000000 3.166098
307.500000 3.166098
308.000000 3.166098
308.500000 3.166098
309.000000 3.166098
309.500000 3.166098
310.000000 3.166098
310.500000 3.166098
311.000000 3.166098
311.500000 3.166098
312.000000 3.166098
312.500000 3.166098
313.000000 3.166098
313.500000 3.166098
314.000000 3.166098
314.500000 3.166098
315.000000 3.166098
315.500000 3.166098
316.000000 3.166098
316.500000 3.166098
317.000000 3.166098
317.500000 3.166098
318.000000 3.166098
318.500000 3.166098
319.000000 3.166098
319.500000 3.166098
320.000000 3.166098
320.500000 3.166098
321.000000 3.166098
321.500000 3.166098
322.000000 3.166098
322.500000 3.166098
323.000000 3.166098
323.500000 3.166098
324.000000 3.166098
324.500000 3.166098
325.000000 3.166098
325.500000 3.166098
326.000000 3.166098
326.500000 3.166098
327.000000 3.166098
327.500000 3.166098
328.000000 3.166098
328.500000 3.166098
329.000000 3.166098
329.500000 3.166098
330.000000 3.166098
330.500000 3.166098
331.000000 3.166098
331.500000 3.166098
332.000000 3.166098
332.500000 3.166098
333.000000 3.166098
333.500000 3.166098
334.000000 3.166098
334.500000 3.166098
335.000000 3.166098
335.500000 3.166098
336.000000 3.166098
336.500000 3.166098
337.000000 3.166098
337.500000 3.166098
338.000000 3.166098
338.500000 3.166098
339.000000 3.166098
339.500000 3.166098
340.000000 3.166098
340.500000 3.166098
341.000000 3.166098
341.500000 3.166098
342.000000 3.166098
342.500000 3.166098
343.000000 3.166098
343.500000 3.166098
344.000000 3.166098
344.500000 3.166098
345.000000 3.166098
345.500000 3.166098
346.000000 3.166098
346.500000 3.166098
347.000000 3.166098
347.500000 3.166098
348.000000 3.166098
348.500000 3.166098
349.000000 3.166098
349.500000 3.166098
350.000000 3.166098
350.500000 3.166098
351.000000 3.166098
351.500000 3.166098
352.000000 3.166098
352.500000 3.166098
353.000000 3.166098
353.500000 3.166098
354.000000 3.166098
354.500000 3.166098
355.000000 3.166098
355.500000 3.166098
356.000000 3.166098
356.500000 3.166098
357.000000 3.166098
357.500000 3.166098
358.000000 3.166098
358.500000 3.166098
359.000000 3.166098
359.500000 3.166098
360.000000 3.166098
360.500000 3.166098
361.000000 3.166098
361.500000 3.166098
362.000000 3.166098
362.500000 3.166098
363.000000 3.166098
363.500000 3.166098
364.000000 3.166098
364.500000 3.166098
365.000000 3.166098
365.500000 3.166098
366.000000 3.166098
366.500000 3.166098
367.000000 3.166098
367.500000 3.166098
368.000000 3.166098
368.500000 3.166098
369.000000 3.166098
369.500000 3.166098
370.000000 3.166098
370.500000 3.166098
371.000000 3.166098
371.500000 3.166098
372.000000 3.166098
372.500000 3.166098
373.000000 3.166098
373.500000 3.166098
374.000000 3.166098
374.500000 3.166098
375.000000 3.166098
375.500000 3.166098
376.000000 3.166098
376.500000 3.166098
377.000000 3.166098
377.500000 3.166098
378.000000 3.166098
378.500000 3.166098
379.000000 3.166098
379.500000 3.166098
380.000000 3.166098
380.500000 3.166098
381.000000 3.166098
381.500000 3.166098
382.000000 3.166098
382.500000 3.166098
383.000000 3.166098
383.500000 3.166098
384.000000 3.166098
384.500000 3.166098
385.000000 3.166098
385.500000 3.166098
386.000000 3.166098
386.500000 3.166098
387.000000 3.166098
387.500000 3.166098
388.000000 3.166098
388.500000 3.166098
389.000000 3.166098
389.500000 3.166098
390.000000 3.166098
390.500000 3.166098
391.000000 3.166098
391.500000 3.166098
392.000000 3.166098
392.500000 3.166098
393.000000 3.166098
393.500000 3.166098
394.000000 3.166098
394.500000 3.166098
395.000000 3.166098
395.500000 3.166098
396.000000 3.166098
396.500000 3.166098
397.000000 3.166098
397.500000 3.166098
398.000000 3.166098
398.500000 3.166098
399.000000 3.166098
399.500000 3.166098
400.000000 3.166098
400.500000 3.166098
401.000000 3.166098
401.500000 3.166098
402.000000 3.166098
402.500000 3.166098
403.000000 3.166098
403.500000 3.166098
404.000000 3.166098
404.500000 3.166098
405.000000 3.166098
405.500000 3.166098
406.000000 3.166098
406.500000 3.166098
407.000000 3.166098
407.500000 3.166098
408.000000 3.166098
408.500000 3.166098
409.000000 3.166098
409.500000 3.166098
410.000000 3.166098
410.500000 3.166098
411.000000 3.166098
411.500000 3.166098
412.000000 3.166098
412.500000 3.166098
413.000000 3.166098
413.500000 3.166098
414.000000 3.166098
414.500000 3.166098
415.000000 3.166098
415.500000 3.166098
416.000000 3.166098
416.500000 3.166098
417.000000 3.166098
417.500000 3.166098
418.000000 3.166098
418.500000 3.166098
419.000000 3.166098
419.500000 3.166098
420.000000 3.166098
420.500000 3.166098
421.000000 3.166098
421.500000 3.166098
422.000000 3.166098
422.500000 3.166098
423.000000 3.166098
423.500000 3.166098
424.000000 3.166098
424.500000 3.166098
425.000000 3.166098
425.500000 3.166098
426.000000 3.166098
426.500000 3.166098
427.000000 3.166098
427.500000 3.166098
428.000000 3.166098
428.500000 3.166098
429.000000 3.166098
429.500000 3.166098
430.000000 3.166098
430.500000 3.166098
431.000000 3.166098
431.500000 3.166098
432.000000 3.166098
432.500000 3.166098
433.000000 3.166098
433.500000 3.166098
434.000000 3.166098
434.500000 3.166098
435.000000 3.166098
435.500000 3.166098
436.000000 3.166098
436.500000 3.166098
437.000000 3.166098
437.500000 3.166098
438.000000 3.166098
438.500000 3.166098
439.000000 3.166098
439.500000 3.166098
440.000000 3.166098
440.500000 3.166098
441.000000 3.166098
441.500000 3.166098
442.000000 3.166098
442.500000 3.166098
443.000000 3.166098
443.500000 3.166098
444.000000 3.166098
444.500000 3.166098
445.000000 3.166098
445.500000 3.166098
446.000000 3.166098
446.500000 3.166098
447.000000 3.166098
447.500000 3.166098
448.000000 3.166098
448.500000 3.166098
449.000000 3.166098
449.500000 3.166098
450.000000 3.166098
450.500000 3.166098
451.000000 3.166098
451.500000 3.166098
452.000000 3.166098
452.500000 3.166098
453.000000 3.166098
453.500000 3.166098
454.000000 3.166098
454.500000 3.166098
455.000000 3.166098
455.500000 3.166098
456.000000 3.166098
456.500000 3.166098
457.000000 3.166098
457.500000 3.166098
458.000000 3.166098
458.500000 3.166098
459.000000 3.166098
459.500000 3.166098
460.000000 3.166098
460.500000 3.166098
461.000000 3.166098
461.500000 3.166098
462.000000 3.166098
462.500000 3.166098
463.000000 3.166098
463.500000 3.166098
464.000000 3.166098
464.500000 3.166098
465.000000 3.166098
465.500000 3.166098
466.000000 3.166098
466.500000 3.166098
467.000000 3.166098
467.500000 3.166098
468.000000 3.166098
468.500000 3.166098
469.000000 3.166098
469.500000 3.166098
470.000000 3.166098
470.500000 3.166098
471.000000 3.166098
471.500000 3.166098
472.000000 3.166098
472.500000 3.166098
473.000000 3.166098
473.500000 3.166098
474.000000 3.166098
474.500000 3.166098
475.000000 3.166098
475.500000 3.166098
476.000000 3.166098
476.500000 3.166098
477.000000 3.166098
477.500000 3.166098
478.000000 3.166098
478.500000 3.166098
479.000000 3.166098
479.500000 3.166098
480.000000 3.166098
480.500000 3.166098
481.000000 3.166098
481.500000 3.166098
482.000000 3.166098
482.500000 3.166098
483.000000 3.166098
483.500000 3.166098
484.000000 3.166098
484.500000 3.166098
485.000000 3.166098
485.500000 3.166098
486.000000 3.166098
486.500000 3.166098
487.000000 3.166098
487.500000 3.166098
488.000000 3.166098
488.500000 3.166098
489.000000 3.166098
489.500000 3.166098
490.000000 3.166098
490.500000 3.166098
491.000000 3.166098
491.500000 3.166098
492.000000 3.166098
492.500000 3.166098
493.000000 3.166098
493.500000 3.166098
494.000000 3.166098
494.500000 3.166098
495.000000 3.166098
495.500000 3.166098
496.000000 3.166098
496.500000 3.166098
497.000000 3.166098
497.500000 3.166098
498.000000 3.166098
498.500000 3.166098
499.000000 3.166098
499.500000 3.166098
500.000000 3.166098
500.500000 3.166098
501.000000 3.166098
501.500000 3.166098
502.000000 3.166098
502.500000 3.166098
503.000000 3.166098
503.500000 3.166098
504.000000 3.166098
504.500000 3.166098
505.000000 3.166098
505.500000 3.166098
506.000000 3.166098
506.500000 3.166098
507.000000 3.166098
507.500000 3.166098
508.000000 3.166098
508.500000 3.166098
509.000000 3.166098
509.500000 3.166098
510.000000 3.166098
510.500000 3.166098
511.000000 3.166098
511.500000 3.166098
512.000000 3.166098
512.500000 3.166098
513.000000 3.166098
513.500000 3.166098
514.000000 3.166098
514.500000 3.166098
515.000000 3.166098
515.500000 3.166098
516.000000 3.166098
516.500000 3.166098
517.000000 3.166098
517.500000 3.166098
518.000000 3.166098
518.500000 3.166098
519.000000 3.166098
519.500000 3.166098
520.000000 3.166098
520.500000 3.166098
521.000000 3.166098
521.500000 3.166098
522.000000 3.166098
522.500000 3.166098
523.000000 3.166098
523.500000 3.166098
524.000000 3.166098
524.500000 3.166098
525.000000 3.166098
525.500000 3.166098
526.000000 3.166098
526.500000 3.166098
527.000000 3.166098
527.500000 3.166098
528.000000 3.166098
528.500000 3.166098
529.000000 3.166098
529.500000 3.166098
530.000000 3.166098
530.500000 3.166098
531.000000 3.166098
531.500000 3.166098
532.000000 3.166098
532.500000 3.166098
533.000000 3.166098
533.500000 3.166098
534.000000 3.166098
534.500000 3.166098
535.000000 3.166098
535.500000 3.166098
536.000000 3.166098
536.500000 3.166098
537.000000 3.166098
537.500000 3.166098
538.000000 3.166098
538.500000 3.166098
539.000000 3.166098
539.500000 3.166098
540.000000 3.166098
540.500000 3.166098
541.000000 3.166098
541.500000 3.166098
542.000000 3.166098
542.500000 3.166098
543.000000 3.166098
543.500000 3.166098
544.000000 3.166098
544.500000 3.166098
545.000000 3.166098
545.500000 3.166098
546.000000 3.166098
546.500000 3.166098
547.000000 3.166098
547.500000 3.166098
548.000000 3.166098
548.500000 3.166098
549.000000 3.166098
549.500000 3.166098
550.000000 3.166098
550.500000 3.166098
551.000000 3.166098
551.500000 3.166098
552.000000 3.166098
552.500000 3.166098
553.000000 3.166098
553.500000 3.166098
554.000000 3.166098
554.500000 3.166098
555.000000 3.166098
555.500000 3.166098
556.000000 3.166098
556.500000 3.166098
557.000000 3.166098
557.500000 3.166098
558.000000 3.166098
558.500000 3.166098
559.000000 3.166098
559.500000 3.166098
560.000000 3.166098
560.500000 3.166098
561.000000 3.166098
561.500000 3.166098
562.000000 3.166098
562.500000 3.166098
563.000000 3.166098
563.500000 3.166098
564.000000 3.166098
564.500000 3.166098
565.000000 3.166098
565.500000 3.166098
566.000000 3.166098
566.500000 3.166098
567.000000 3.166098
567.500000 3.166098
568.000000 3.166098
568.500000 3.166098
569.000000 3.166098
569.500000 3.166098
570.000000 3.166098
570.500000 3.166098
571.000000 3.166098
571.500000 3.166098
572.000000 3.166098
572.500000 3.166098
573.000000 3.166098
573.500000 3.166098
574.000000 3.166098
574.500000 3.166098
575.000000 3.166098
575.500000 3.166098
576.000000 3.166098
576.500000 3.166098
577.000000 3.166098
577.500000 3.166098
578.000000 3.166098
578.500000 3.166098
579.000000 3.166098
579.500000 3.166098
580.000000 3.166098
580.500000 3.166098
581.000000 3.166098
581.500000 3.166098
582.000000 3.166098
582.500000 3.166098
583.000000 3.166098
583.500000 3.166098
584.000000 3.166098
584.500000 3.166098
585.000000 3.166098
585.500000 3.166098
586.000000 3.166098
586.500000 3.166098
587.000000 3.166098
587.500000 3.166098
588.000000 3.166098
588.500000 3.166098
589.000000 3.166098
589.500000 3.166098
590.000000 3.166098
590.500000 3.166098
591.000000 3.166098
591.500000 3.166098
592.000000 3.166098
592.500000 3.166098
593.000000 3.166098
593.500000 3.166098
594.000000 3.166098
594.500000 3.166098
595.000000 3.166098
595.500000 3.166098
596.000000 3.166098
596.500000 3.166098
597.000000 3.166098
597.500000 3.166098
598.000000 3.166098
598.500000 3.166098
599.000000 3.166098
599.500000 3.166098
600.000000 3.166098
600.500000 3.166098
601.000000 3.166098
601.500000 3.166098
602.000000 3.166098
602.500000 3.166098
603.000000 3.166098
603.500000 3.166098
604.000000 3.166098
604.500000 3.166098
605.000000 3.166098
605.500000 3.166098
606.000000 3.166098
606.500000 3.166098
607.000000 3.166098
607.500000 3.166098
608.000000 3.166098
608.500000 3.166098
609.000000 3.166098
609.500000 3.166098
610.000000 3.166098
610.500000 3.166098
611.000000 3.166098
611.500000 3.166098
612.000000 3.166098
612.500000 3.166098
613.000000 3.166098
613.500000 3.166098
614.000000 3.166098
614.500000 3.166098
615.000000 3.166098
615.500000 3.166098
616.000000 3.166098
616.500000 3.166098
617.000000 3.166098
617.500000 3.166098
618.000000 3.166098
618.500000 3.166098
619.000000 3.166098
619.500000 3.166098
620.000000 3.166098
620.500000 3.166098
621.000000 3.166098
621.500000 3.166098
622.000000 3.166098
622.500000 3.166098
623.000000 3.166098
623.500000 3.166098
624.000000 3.166098
624.500000 3.166098
625.000000 3.166098
625.500000 3.166098
626.000000 3.166098
626.500000 3.166098
627.000000 3.166098
627.500000 3.166098
628.000000 3.166098
628.500000 3.166098
629.000000 3.166098
629.500000 3.166098
630.000000 3.166098
630.500000 3.166098
631.000000 3.166098
631.500000 3.166098
632.000000 3.166098
632.500000 3.166098
633.000000 3.166098
633.500000 3.166098
634.000000 3.166098
634.500000 3.166098
635.000000 3.166098
635.500000 3.166098
636.000000 3.166098
636.500000 3.166098
637.000000 3.166098
637.500000 3.166098
638.000000 3.166098
638.500000 3.166098
639.000000 3.166098
639.500000 3.166098
640.000000 3.166098
640.500000 3.166098
641.000000 3.166098
641.500000 3.166098
642.000000 3.166098
642.500000 3.166098
643.000000 3.166098
643.500000 3.166098
644.000000 3.166098
644.500000 3.166098
645.000000 3.166098
645.500000 3.166098
646.000000 3.166098
646.500000 3.166098
647.000000 3.166098
647.500000 3.166098
648.000000 3.166098
648.500000 3.166098
649.000000 3.166098
649.500000 3.166098
650.000000 3.166098
650.500000 3.166098
651.000000 3.166098
651.500000 3.166098
652.000000 3.166098
652.500000 3.166098
653.000000 3.166098
653.500000 3.166098
654.000000 3.166098
654.500000 3.166098
655.000000 3.166098
655.500000 3.166098
656.000000 3.166098
656.500000 3.166098
657.000000 3.166098
657.500000 3.166098
658.000000 3.166098
658.500000 3.166098
659.000000 3.166098
659.500000 3.166098
660.000000 3.166098
660.500000 3.166098
661.000000 3.166098
661.500000 3.166098
662.000000 3.166098
662.500000 3.166098
663.000000 3.166098
663.500000 3.166098
664.000000 3.166098
664.500000 3.166098
665.000000 3.166098
665.500000 3.166098
666.000000 3.166098
666.500000 3.166098
667.000000 3.166098
667.500000 3.166098
668.000000 3.166098
668.500000 3.166098
669.000000 3.166098
669.500000 3.166098
670.000000 3.166098
670.500000 3.166098
671.000000 3.166098
671.500000 3.166098
672.000000 3.166098
672.500000 3.166098
673.000000 3.166098
673.500000 3.166098
674.000000 3.166098
674.500000 3.166098
675.000000 3.166098
675.500000 3.166098
676.000000 3.166098
676.500000 3.166098
677.000000 3.166098
677.500000 3.166098
678.000000 3.166098
678.500000 3.166098
679.000000 3.166098
679.500000 3.166098
680.000000 3.166098
680.500000 3.166098
681.000000 3.166098
681.500000 3.166098
682.000000 3.166098
682.500000 3.166098
683.000000 3.166098
683.500000 3.166098
684.000000 3.166098
684.500000 3.166098
685.000000 3.166098
685.500000 3.166098
686.000000 3.166098
686.500000 3.166098
687.000000 3.166098
687.500000 3.166098
688.000000 3.166098
688.500000 3.166098
689.000000 3.166098
689.500000 3.166098
690.000000 3.166098
690.500000 3.166098
691.000000 3.166098
691.500000 3.166098
692.000000 3.166098
692.500000 3.166098
693.000000 3.166098
693.500000 3.166098
694.000000 3.166098
694.500000 3.166098
695.000000 3.166098
695.500000 3.166098
696.000000 3.166098
696.500000 3.166098
697.000000 3.166098
697.500000 3.166098
698.000000 3.166098
698.500000 3.166098
699.000000 3.166098
699.500000 3.166098
700.000000 3.166098
700.500000 3.166098
701.000000 3.166098
701.500000 3.166098
702.000000 3.166098
702.500000 3.166098
703.000000 3.166098
703.500000 3.166098
704.000000 3.166098
704.500000 3.166098
705.000000 3.166098
705.500000 3.166098
706.000000 3.166098
706.500000 3.166098
707.000000 3.166098
707.500000 3.166098
708.000000 3.166098
708.500000 3.166098
709.000000 3.166098
709.500000 3.166098
710.000000 3.166098
710.500000 3.166098
711.000000 3.166098
711.500000 3.166098
712.000000 3.166098
712.500000 3.166098
713.000000 3.166098
713.500000 3.166098
714.000000 3.166098
714.500000 3.166098
715.000000 3.166098
715.500000 3.166098
716.000000 3.166098
716.500000 3.166098
717.000000 3.166098
717.500000 3.166098
718.000000 3.166098
718.500000 3.166098
719.000000 3.166098
719.500000 3.166098
720.000000 3.166098
720.500000 3.166098
721.000000 3.166098
721.500000 3.166098
722.000000 3.166098
722.500000 3.166098
723.000000 3.166098
723.500000 3.166098
724.000000 3.166098
724.500000 3.166098
725.000000 3.166098
725.500000 3.166098
726.000000 3.166098
726.500000 3.166098
727.000000 3.166098
727.500000 3.166098
728.000000 3.166098
728.500000 3.166098
729.000000 3.166098
729.500000 3.166098
730.000000 3.166098
730.500000 3.166098
731.000000 3.166098
731.500000 3.166098
732.000000 3.166098
732.500000 3.166098
733.000000 3.166098
733.500000 3.166098
734.000000 3.166098
734.500000 3.166098
735.000000 3.166098
735.500000 3.166098
736.000000 3.166098
736.500000 3.166098
737.000000 3.166098
737.500000 3.166098
738.000000 3.166098
738.500000 3.166098
739.000000 3.166098
739.500000 3.166098
740.000000 3.166098
740.500000 3.166098
741.000000 3.166098
741.500000 3.166098
742.000000 3.166098
742.500000 3.166098
743.000000 3.166098
743.500000 3.166098
744.000000 3.166098
744.500000 3.166098
745.000000 3.166098
745.500000 3.166098
746.000000 3.166098
746.500000 3.166098
747.000000 3.166098
747.500000 3.166098
748.000000 3.166098
748.500000 3.166098
749.000000 3.166098
749.500000 3.166098
750.000000 3.166098
750.500000 3.166098
751.000000 3.166098
751.500000 3.166098
752.000000 3.166098
752.500000 3.166098
753.000000 3.166098
753.500000 3.166098
754.000000 3.166098
754.500000 3.166098
755.000000 3.166098
755.500000 3.166098
756.000000 3.166098
756.500000 3.166098
757.000000 3.166098
757.500000 3.166098
758.000000 3.166098
758.500000 3.166098
759.000000 3.166098
759.500000 3.166098
760.000000 3.166098
760.500000 3.166098
761.000000 3.166098
761.500000 3.166098
762.000000 3.166098
762.500000 3.166098
763.000000 3.166098
763.500000 3.166098
764.000000 3.166098
764.500000 3.166098
765.000000 3.166098
765.500000 3.166098
766.000000 3.166098
766.500000 3.166098
767.000000 3.166098
767.500000 3.166098
768.000000 3.166098
768.500000 3.166098
769.000000 3.166098
769.500000 3.166098
770.000000 3.166098
770.500000 3.166098
771.000000 3.166098
771.500000 3.166098
772.000000 3.166098
772.500000 3.166098
773.000000 3.166098
773.500000 3.166098
774.000000 3.166098
774.500000 3.166098
775.000000 3.166098
775.500000 3.166098
776.000000 3.166098
776.500000 3.166098
777.000000 3.166098
777.500000 3.166098
778.000000 3.166098
778.500000 3.166098
779.000000 3.166098
779.500000 3.166098
780.000000 3.166098
780.500000 3.166098
781.000000 3.166098
781.500000 3.166098
782.000000 3.166098
782.500000 3.166098
783.000000 3.166098
783.500000 3.166098
784.000000 3.166098
784.500000 3.166098
785.000000 3.166098
785.500000 3.166098
786.000000 3.166098
786.500000 3.166098
787.000000 3.166098
787.500000 3.166098
788.000000 3.166098
788.500000 3.166098
789.000000 3.166098
789.500000 3.166098
790.000000 3.166098
790.500000 3.166098
791.000000 3.166098
791.500000 3.166098
792.000000 3.166098
792.500000 3.166098
793.000000 3.166098
793.500000 3.166098
794.000000 3.166098
794.500000 3.166098
795.000000 3.166098
795.500000 3.166098
796.000000 3.166098
796.500000 3.166098
797.000000 3.166098
797.500000 3.166098
798.000000 3.166098
798.500000 3.166098
799.000000 3.166098
799.500000 3.166098
800.000000 3.166098
800.500000 3.166098
801.000000 3.166098
801.500000 3.166098
802.000000 3.166098
802.500000 3.166098
803.000000 3.166098
803.500000 3.166098
804.000000 3.166098
804.500000 3.166098
805.000000 3.166098
805.500000 3.166098
806.000000 3.166098
806.500000 3.166098
807.000000 3.166098
807.500000 3.166098
808.000000 3.166098
808.500000 3.166098
809.000000 3.166098
809.500000 3.166098
810.000000 3.166098
810.500000 3.166098
811.000000 3.166098
811.500000 3.166098
812.000000 3.166098
812.500000 3.166098
813.000000 3.166098
813.500000 3.166098
814.000000 3.166098
814.500000 3.166098
815.000000 3.166098
815.500000 3.166098
816.000000 3.166098
816.500000 3.166098
817.000000 3.166098
817.500000 3.166098
818.000000 3.166098
818.500000 3.166098
819.000000 3.166098
819.500000 3.166098
820.000000 3.166098
820.500000 3.166098
821.000000 3.166098
821.500000 3.166098
822.000000 3.166098
822.500000 3.166098
823.000000 3.166098
823.500000 3.166098
824.000000 3.166098
824.500000 3.166098
825.000000 3.166098
825.500000 3.166098
826.000000 3.166098
826.500000 3.166098
827.000000 3.166098
827.500000 3.166098
828.000000 3.166098
828.500000 3.166098
829.000000 3.166098
829.500000 3.166098
830.000000 3.166098
830.500000 3.166098
831.000000 3.166098
831.500000 3.166098
832.000000 3.166098
832.500000 3.166098
833.000000 3.166098
833.500000 3.166098
834.000000 3.166098
834.500000 3.166098
835.000000 3.166098
835.500000 3.166098
836.000000 3.166098
836.500000 3.166098
837.000000 3.166098
837.500000 3.166098
838.000000 3.166098
838.500000 3.166098
839.000000 3.166098
839.500000 3.166098
840.000000 3.166098
840.500000 3.166098
841.000000 3.166098
841.500000 3.166098
842.000000 3.166098
842.500000 3.166098
843.000000 3.166098
843.500000 3.166098
844.000000 3.166098
844.500000 3.166098
845.000000 3.166098
845.500000 3.166098
846.000000 3.166098
846.500000 3.166098
847.000000 3.166098
847.500000 3.166098
848.000000 3.166098
848.500000 3.166098
849.000000 3.166098
849.500000 3.166098
850.000000 3.166098
850.500000 3.166098
851.000000 3.166098
851.500000 3.166098
852.000000 3.166098
852.500000 3.166098
853.000000 3.166098
853.500000 3.166098
854.000000 3.166098
854.500000 3.166098
855.000000 3.166098
855.500000 3.166098
856.000000 3.166098
856.500000 3.166098
857.000000 3.166098
857.500000 3.166098
858.000000 3.166098
858.500000 3.166098
859.000000 3.166098
859.500000 3.166098
860.000000 3.166098
860.500000 3.166098
861.000000 3.166098
861.500000 3.166098
862.000000 3.166098
862.500000 3.166098
863.000000 3.166098
863.500000 3.166098
864.000000 3.166098
864.500000 3.166098
865.000000 3.166098
865.500000 3.166098
866.000000 3.166098
866.500000 3.166098
867.000000 3.166098
867.500000 3.166098
868.000000 3.166098
868.500000 3.166098
869.000000 3.166098
869.500000 3.166098
870.000000 3.166098
870.500000 3.166098
871.000000 3.166098
871.500000 3.166098
872.000000 3.166098
872.500000 3.166098
873.000000 3.166098
873.500000 3.166098
874.000000 3.166098
874.500000 3.166098
875.000000 3.166098
875.500000 3.166098
876.000000 3.166098
876.500000 3.166098
877.000000 3.166098
877.500000 3.166098
878.000000 3.166098
878.500000 3.166098
879.000000 3.166098
879.500000 3.166098
880.000000 3.166098
880.500000 3.166098
881.000000 3.166098
881.500000 3.166098
882.000000 3.166098
882.500000 3.166098
883.000000 3.166098
883.500000 3.166098
884.000000 3.166098
884.500000 3.166098
885.000000 3.166098
885.500000 3.166098
886.000000 3.166098
886.500000 3.166098
887.000000 3.166098
887.500000 3.166098
888.000000 3.166098
888.500000 3.166098
889.000000 3.166098
889.500000 3.166098
890.000000 3.166098
890.500000 3.166098
891.000000 3.166098
891.500000 3.166098
892.000000 3.166098
892.500000 3.166098
893.000000 3.166098
893.500000 3.166098
894.000000 3.166098
894.500000 3.166098
895.000000 3.166098
895.500000 3.166098
896.000000 3.166098
896.500000 3.166098
897.000000 3.166098
897.500000 3.166098
898.000000 3.166098
898.500000 3.166098
899.000000 3.166098
899.500000 3.166098
900.000000 3.166098
900.500000 3.166098
901.000000 3.166098
901.500000 3.166098
902.000000 3.166098
902.500000 3.166098
903.000000 3.166098
903.500000 3.166098
904.000000 3.166098
904.500000 3.166098
905.000000 3.166098
905.500000 3.166098
906.000000 3.166098
906.500000 3.166098
907.000000 3.166098
907.500000 3.166098
908.000000 3.166098
908.500000 3.166098
909.000000 3.166098
909.500000 3.166098
910.000000 3.166098
910.500000 3.166098
911.000000 3.166098
911.500000 3.166098
912.000000 3.166098
912.500000 3.166098
913.000000 3.166098
913.500000 3.166098
914.000000 3.166098
914.500000 3.166098
915.000000 3.166098
915.500000 3.166098
916.000000 3.166098
916.500000 3.166098
917.000000 3.166098
917.500000 3.166098
918.000000 3.166098
918.500000 3.166098
919.000000 3.166098
919.500000 3.166098
920.000000 3.166098
920.500000 3.166098
921.000000 3.166098
921.500000 3.166098
922.000000 3.166098
922.500000 3.166098
923.000000 3.166098
923.500000 3.166098
924.000000 3.166098
924.500000 3.166098
925.000000 3.166098
925.500000 3.166098
926.000000 3.166098
926.500000 3.166098
927.000000 3.166098
927.500000 3.166098
928.000000 3.166098
928.500000 3.166098
929.000000 3.166098
929.500000 3.166098
930.000000 3.166098
930.500000 3.166098
931.000000 3.166098
931.500000 3.166098
932.000000 3.166098
932.500000 3.166098
933.000000 3.166098
933.500000 3.166098
934.000000 3.166098
934.500000 3.166098
935.000000 3.166098
935.500000 3.166098
936.000000 3.166098
936.500000 3.166098
937.000000 3.166098
937.500000 3.166098
938.000000 3.166098
938.500000 3.166098
939.000000 3.166098
939.500000 3.166098
940.000000 3.166098
940.500000 3.166098
941.000000 3.166098
941.500000 3.166098
942.000000 3.166098
942.500000 3.166098
943.000000 3.166098
943.500000 3.166098
944.000000 3.166098
944.500000 3.166098
945.000000 3.166098
945.500000 3.166098
946.000000 3.166098
946.500000 3.166098
947.000000 3.166098
947.500000 3.166098
948.000000 3.166098
948.500000 3.166098
949.000000 3.166098
949.500000 3.166098
950.000000 3.166098
950.500000 3.166098
951.000000 3.166098
951.500000 3.166098
952.000000 3.166098
952.500000 3.166098
953.000000 3.166098
953.500000 3.166098
954.000000 3.166098
954.500000 3.166098
955.000000 3.166098
955.500000 3.166098
956.000000 3.166098
956.500000 3.166098
957.000000 3.166098
957.500000 3.166098
958.000000 3.166098
958.500000 3.166098
959.000000 3.166098
959.500000 3.166098
960.000000 3.166098
960.500000 3.166098
961.000000 3.166098
961.500000 3.166098
962.000000 3.166098
962.500000 3.166098
963.000000 3.166098
963.500000 3.166098
964.000000 3.166098
964.500000 3.166098
965.000000 3.166098
965.500000 3.166098
966.000000 3.166098
966.500000 3.166098
967.000000 3.166098
967.500000 3.166098
968.000000 3.166098
968.500000 3.166098
969.000000 3.166098
969.500000 3.166098
970.000000 3.166098
970.500000 3.166098
971.000000 3.166098
971.500000 3.166098
972.000000 3.166098
972.500000 3.166098
973.000000 3.166098
973.500000 3.166098
974.000000 3.166098
974.500000 3.166098
975.000000 3.166098
975.500000 3.166098
976.000000 3.166098
976.500000 3.166098
977.000000 3.166098
977.500000 3.166098
978.000000 3.166098
978.500000 3.166098
979.000000 3.166098
979.500000 3.166098
980.000000 3.166098
980.500000 3.166098
981.000000 3.166098
981.500000 3.166098
982.000000 3.166098
982.500000 3.166098
983.000000 3.166098
983.500000 3.166098
984.000000 3.166098
984.500000 3.166098
985.000000 3.166098
985.500000 3.166098
986.000000 3.166098
986.500000 3.166098
987.000000 3.166098
987.500000 3.166098
988.000000 3.166098
988.500000 3.166098
989.000000 3.166098
989.500000 3.166098
990.000000 3.166098
990.500000 3.166098
991.000000 3.166098
991.500000 3.166098
992.000000 3.166098
992.500000 3.166098
993.000000 3.166098
993.500000 3.166098
994.000000 3.166098
994.500000 3.166098
995.000000 3.166098
995.500000 3.166098
996.000000 3.166098
996.500000 3.166098
997.000000 3.166098
997.500000 3.166098
998.000000 3.166098
998.500000 3.166098
999.000000 3.166098
999.500000 3.166098
1000.000000 3.166098
1000.500000 3.166098
1001.000000 3.166098
1001.500000 3.166098
1002.000000 3.166098
1002.500000 3.166098
1003.000000 3.166098
1003.500000 3.166098
1004.000000 3.166098
1004.500000 3.166098
1005.000000 3.166098
1005.500000 3.166098
1006.000000 3.166098
1006.500000 3.166098
1007.000000 3.166098
1007.500000 3.166098
1008.000000 3.166098
1008.500000 3.166098
1009.000000 3.166098
1009.500000 3.166098
1010.000000 3.166098
1010.500000 3.166098
1011.000000 3.166098
1011.500000 3.166098
1012.000000 3.166098
1012.500000 3.166098
1013.000000 3.166098
1013.500000 3.166098
1014.000000 3.166098
1014.500000 3.166098
1015.000000 3.166098
1015.500000 3.166098
1016.000000 3.166098
1016.500000 3.166098
1017.000000 3.166098
1017.500000 3.166098
1018.000000 3.166098
1018.500000 3.166098
1019.000000 3.166098
1019.500000 3.166098
1020.000000 3.166098
1020.500000 3.166098
1021.000000 3.166098
1021.500000 3.166098
1022.000000 3.166098
1022.500000 3.166098
1023.000000 3.166098
1023.500000 3.166098
1024.000000 3.166098
1024.500000 3.166098
1025.000000 3.166098
1025.500000 3.166098
1026.000000 3.166098
1026.500000 3.166098
1027.000000 3.166098
1027.500000 3.166098
1028.000000 3.166098
1028.500000 3.166098
1029.000000 3.166098
1029.500000 3.166098
1030.000000 3.166098
1030.500000 3.166098
1031.000000 3.166098
1031.500000 3.166098
1032.000000 3.166098
1032.500000 3.166098
1033.000000 3.166098
1033.500000 3.166098
1034.000000 3.166098
1034.500000 3.166098
1035.000000 3.166098
1035.500000 3.166098
1036.000000 3.166098
1036.500000 3.166098
1037.000000 3.166098
1037.500000 3.166098
1038.000000 3.166098
1038.500000 3.166098
1039.000000 3.166098
1039.500000 3.166098
1040.000000 3.166098
1040.500000 3.166098
1041.000000 3.166098
1041.500000 3.166098
1042.000000 3.166098
1042.500000 3.166098
1043.000000 3.166098
1043.500000 3.166098
1044.000000 3.166098
1044.500000 3.166098
1045.000000 3.166098
1045.500000 3.166098
1046.000000 3.166098
1046.500000 3.166098
1047.000000 3.166098
1047.500000 3.166098
1048.000000 3.166098
1048.500000 3.166098
1049.000000 3.166098
1049.500000 3.166098
1050.000000 3.166098
1050.500000 3.166098
1051.000000 3.166098
1051.500000 3.166098
1052.000000 3.166098
1052.500000 3.166098
1053.000000 3.166098
1053.500000 3.166098
1054.000000 3.166098
1054.500000 3.166098
1055.000000 3.166098
1055.500000 3.166098
1056.000000 3.166098
1056.500000 3.166098
1057.000000 3.166098
1057.500000 3.166098
1058.000000 3.166098
1058.500000 3.166098
1059.000000 3.166098
1059.500000 3.166098
1060.000000 3.166098
1060.500000 3.166098
1061.000000 3.166098
1061.500000 3.166098
1062.000000 3.166098
1062.500000 3.166098
1063.000000 3.166098
1063.500000 3.166098
1064.000000 3.166098
1064.500000 3.166098
1065.000000 3.166098
1065.500000 3.166098
1066.000000 3.166098
1066.500000 3.166098
1067.000000 3.166098
1067.500000 3.166098
1068.000000 3.166098
1068.500000 3.166098
1069.000000 3.166098
1069.500000 3.166098
1070.000000 3.166098
1070.500000 3.166098
1071.000000 3.166098
1071.500000 3.166098
1072.000000 3.166098
1072.500000 3.166098
1073.000000 3.166098
1073.500000 3.166098
1074.000000 3.166098
1074.500000 3.166098
1075.000000 3.166098
1075.500000 3.166098
1076.000000 3.166098
1076.500000 3.166098
1077.000000 3.166098
1077.500000 3.166098
1078.000000 3.166098
1078.500000 3.166098
1079.000000 3.166098
1079.500000 3.166098
1080.000000 3.166098
1080.500000 3.166098
1081.000000 3.166098
1081.500000 3.166098
1082.000000 3.166098
1082.500000 3.166098
1083.000000 3.166098
1083.500000 3.166098
1084.000000 3.166098
1084.500000 3.166098
1085.000000 3.166098
1085.500000 3.166098
1086.000000 3.166098
1086.500000 3.166098
1087.000000 3.166098
1087.500000 3.166098
1088.000000 3.166098
1088.500000 3.166098
1089.000000 3.166098
1089.500000 3.166098
1090.000000 3.166098
1090.500000 3.166098
1091.000000 3.166098
1091.500000 3.166098
1092.000000 3.166098
1092.500000 3.166098
1093.000000 3.166098
1093.500000 3.166098
1094.000000 3.166098
1094.500000 3.166098
1095.000000 3.166098
1095.500000 3.166098
1096.000000 3.166098
1096.500000 3.166098
1097.000000 3.166098
1097.500000 3.166098
1098.000000 3.166098
1098.500000 3.166098
1099.000000 3.166098
1099.500000 3.166098
1100.000000 3.166098
1100.500000 3.166098
1101.000000 3.166098
1101.500000 3.166098
1102.000000 3.166098
1102.500000 3.166098
1103.000000 3.166098
1103.500000 3.166098
1104.000000 3.166098
1104.500000 3.166098
1105.000000 3.166098
1105.500000 3.166098
1106.000000 3.166098
1106.500000 3.166098
1107.000000 3.166098
1107.500000 3.166098
1108.000000 3.166098
1108.500000 3.166098
1109.000000 3.166098
1109.500000 3.166098
1110.000000 3.166098
1110.500000 3.166098
1111.000000 3.166098
1111.500000 3.166098
1112.000000 3.166098
1112.500000 3.166098
1113.000000 3.166098
1113.500000 3.166098
1114.000000 3.166098
1114.500000 3.166098
1115.000000 3.166098
1115.500000 3.166098
1116.000000 3.166098
1116.500000 3.166098
1117.000000 3.166098
1117.500000 3.166098
1118.000000 3.166098
1118.500000 3.166098
1119.000000 3.166098
1119.500000 3.166098
1120.000000 3.166098
1120.500000 3.166098
1121.000000 3.166098
1121.500000 3.166098
1122.000000 3.166098
1122.500000 3.166098
1123.000000 3.166098
1123.500000 3.166098
1124.000000 3.166098
1124.500000 3.166098
1125.000000 3.166098
1125.500000 3.166098
1126.000000 3.166098
1126.500000 3.166098
1127.000000 3.166098
1127.500000 3.166098
1128.000000 3.166098
1128.500000 3.166098
1129.000000 3.166098
1129.500000 3.166098
1130.000000 3.166098
1130.500000 3.166098
1131.000000 3.166098
1131.500000 3.166098
1132.000000 3.166098
1132.500000 3.166098
1133.000000 3.166098
1133.500000 3.166098
1134.000000 3.166098
1134.500000 3.166098
1135.000000 3.166098
1135.500000 3.166098
1136.000000 3.166098
1136.500000 3.166098
1137.000000 3.166098
1137.500000 3.166098
1138.000000 3.166098
1138.500000 3.166098
1139.000000 3.166098
1139.500000 3.166098
1140.000000 3.166098
1140.500000 3.166098
1141.000000 3.166098
1141.500000 3.166098
1142.000000 3.166098
1142.500000 3.166098
1143.000000 3.166098
1143.500000 3.166098
1144.000000 3.166098
1144.500000 3.166098
1145.000000 3.166098
1145.500000 3.166098
1146.000000 3.166098
1146.500000 3.166098
1147.000000 3.166098
1147.500000 3.166098
1148.000000 3.166098
1148.500000 3.166098
1149.000000 3.166098
1149.500000 3.166098
1150.000000 3.166098
1150.500000 3.166098
1151.000000 3.166098
1151.500000 3.166098
1152.000000 3.166098
1152.500000 3.166098
1153.000000 3.166098
1153.500000 3.166098
1154.000000 3.166098
1154.500000 3.166098
1155.000000 3.166098
1155.500000 3.166098
1156.000000 3.166098
1156.500000 3.166098
1157.000000 3.166098
1157.500000 3.166098
1158.000000 3.166098
1158.500000 3.166098
1159.000000 3.166098
1159.500000 3.166098
1160.000000 3.166098
1160.500000 3.166098
1161.000000 3.166098
1161.500000 3.166098
1162.000000 3.166098
1162.500000 3.166098
1163.000000 3.166098
1163.500000 3.166098
1164.000000 3.166098
1164.500000 3.166098
1165.000000 3.166098
1165.500000 3.166098
1166.000000 3.166098
1166.500000 3.166098
1167.000000 3.166098
1167.500000 3.166098
1168.000000 3.166098
1168.500000 3.166098
1169.000000 3.166098
1169.500000 3.166098
1170.000000 3.166098
1170.500000 3.166098
1171.000000 3.166098
1171.500000 3.166098
1172.000000 3.166098
1172.500000 3.166098
1173.000000 3.166098
1173.500000 3.166098
1174.000000 3.166098
1174.500000 3.166098
1175.000000 3.166098
1175.500000 3.166098
1176.000000 3.166098
1176.500000 3.166098
1177.000000 3.166098
1177.500000 3.166098
1178.000000 3.166098
1178.500000 3.166098
1179.000000 3.166098
1179.500000 3.166098
1180.000000 3.166098
1180.500000 3.166098
1181.000000 3.166098
1181.500000 3.166098
1182.000000 3.166098
1182.500000 3.166098
1183.000000 3.166098
1183.500000 3.166098
1184.000000 3.166098
1184.500000 3.166098
1185.000000 3.166098
1185.500000 3.166098
1186.000000 3.166098
1186.500000 3.166098
1187.000000 3.166098
1187.500000 3.166098
1188.000000 3.166098
1188.500000 3.166098
1189.000000 3.166098
1189.500000 3.166098
1190.000000 3.166098
1190.500000 3.166098
1191.000000 3.166098
1191.500000 3.166098
1192.000000 3.166098
1192.500000 3.166098
1193.000000 3.166098
1193.500000 3.166098
1194.000000 3.166098
1194.500000 3.166098
1195.000000 3.166098
1195.500000 3.166098
1196.000000 3.166098
1196.500000 3.166098
1197.000000 3.166098
1197.500000 3.166098
1198.000000 3.166098
1198.500000 3.166098
1199.000000 3.166098
1199.500000 3.166098
1200.000000 3.166098
1200.500000 3.166098
1201.000000 3.166098
1201.500000 3.166098
1202.000000 3.166098
1202.500000 3.166098
1203.000000 3.166098
1203.500000 3.166098
1204.000000 3.166098
1204.500000 3.166098
1205.000000 3.166098
1205.500000 3.166098
1206.000000 3.166098
1206.500000 3.166098
1207.000000 3.166098
1207.500000 3.166098
1208.000000 3.166098
1208.500000 3.166098
1209.000000 3.166098
1209.500000 3.166098
1210.000000 3.166098
1210.500000 3.166098
1211.000000 3.166098
1211.500000 3.166098
1212.000000 3.166098
1212.500000 3.166098
1213.000000 3.166098
1213.500000 3.166098
1214.000000 3.166098
1214.500000 3.166098
1215.000000 3.166098
1215.500000 3.166098
1216.000000 3.166098
1216.500000 3.166098
1217.000000 3.166098
1217.500000 3.166098
1218.000000 3.166098
1218.500000 3.166098
1219.000000 3.166098
1219.500000 3.166098
1220.000000 3.166098
1220.500000 3.166098
1221.000000 3.166098
1221.500000 3.166098
1222.000000 3.166098
1222.500000 3.166098
1223.000000 3.166098
1223.500000 3.166098
1224.000000 3.166098
1224.500000 3.166098
1225.000000 3.166098
1225.500000 3.166098
1226.000000 3.166098
1226.500000 3.166098
1227.000000 3.166098
1227.500000 3.166098
1228.000000 3.166098
1228.500000 3.166098
1229.000000 3.166098
1229.500000 3.166098
1230.000000 3.166098
1230.500000 3.166098
1231.000000 3.166098
1231.500000 3.166098
1232.000000 3.166098
1232.500000 3.166098
1233.000000 3.166098
1233.500000 3.166098
1234.000000 3.166098
1234.500000 3.166098
1235.000000 3.166098
1235.500000 3.166098
1236.000000 3.166098
1236.500000 3.166098
1237.000000 3.166098
1237.500000 3.166098
1238.000000 3.166098
1238.500000 3.166098
1239.000000 3.166098
1239.500000 3.166098
1240.000000 3.166098
1240.500000 3.166098
1241.000000 3.166098
1241.500000 3.166098
1242.000000 3.166098
1242.500000 3.166098
1243.000000 3.166098
1243.500000 3.166098
1244.000000 3.166098
1244.500000 3.166098
1245.000000 3.166098
1245.500000 3.166098
1246.000000 3.166098
1246.500000 3.166098
1247.000000 3.166098
1247.500000 3.166098
1248.000000 3.166098
1248.500000 3.166098
1249.000000 3.166098
1249.500000 3.166098
1250.000000 3.166098
1250.500000 3.166098
1251.000000 3.166098
1251.500000 3.166098
1252.000000 3.166098
1252.500000 3.166098
1253.000000 3.166098
1253.500000 3.166098
1254.000000 3.166098
1254.500000 3.166098
1255.000000 3.166098
1255.500000 3.166098
1256.000000 3.166098
1256.500000 3.166098
1257.000000 3.166098
1257.500000 3.166098
1258.000000 3.166098
1258.500000 3.166098
1259.000000 3.166098
1259.500000 3.166098
1260.000000 3.166098
1260.500000 3.166098
1261.000000 3.166098
1261.500000 3.166098
1262.000000 3.166098
1262.500000 3.166098
1263.000000 3.166098
1263.500000 3.166098
1264.000000 3.166098
1264.500000 3.166098
1265.000000 3.166098
1265.500000 3.166098
1266.000000 3.166098
1266.500000 3.166098
1267.000000 3.166098
1267.500000 3.166098
1268.000000 3.166098
1268.500000 3.166098
1269.000000 3.166098
1269.500000 3.166098
1270.000000 3.166098
1270.500000 3.166098
1271.000000 3.166098
1271.500000 3.166098
1272.000000 3.166098
1272.500000 3.166098
1273.000000 3.166098
1273.500000 3.166098
1274.000000 3.166098
1274.500000 3.166098
1275.000000 3.166098
1275.500000 3.166098
1276.000000 3.166098
1276.500000 3.166098
1277.000000 3.166098
1277.500000 3.166098
1278.000000 3.166098
1278.500000 3.166098
1279.000000 3.166098
1279.500000 3.166098
1280.000000 3.166098
1280.500000 3.166098
1281.000000 3.166098
1281.500000 3.166098
1282.000000 3.166098
1282.500000 3.166098
1283.000000 3.166098
1283.500000 3.166098
1284.000000 3.166098
1284.500000 3.166098
1285.000000 3.166098
1285.500000 3.166098
1286.000000 3.166098
1286.500000 3.166098
1287.000000 3.166098
1287.500000 3.166098
1288.000000 3.166098
1288.500000 3.166098
1289.000000 3.166098
1289.500000 3.166098
1290.000000 3.166098
1290.500000 3.166098
1291.000000 3.166098
1291.500000 3.166098
1292.000000 3.166098
1292.500000 3.166098
1293.000000 3.166098
1293.500000 3.166098
1294.000000 3.166098
1294.500000 3.166098
1295.000000 3.166098
1295.500000 3.166098
1296.000000 3.166098
1296.500000 3.166098
1297.000000 3.166098
1297.500000 3.166098
1298.000000 3.166098
1298.500000 3.166098
1299.000000 3.166098
1299.500000 3.166098
1300.000000 3.166098
1300.500000 3.166098
1301.000000 3.166098
1301.500000 3.166098
1302.000000 3.166098
1302.500000 3.166098
1303.000000 3.166098
1303.500000 3.166098
1304.000000 3.166098
1304.500000 3.166098
1305.000000 3.166098
1305.500000 3.166098
1306.000000 3.166098
1306.500000 3.166098
1307.000000 3.166098
1307.500000 3.166098
1308.000000 3.166098
1308.500000 3.166098
1309.000000 3.166098
1309.500000 3.166098
1310.000000 3.166098
1310.500000 3.166098
1311.000000 3.166098
1311.500000 3.166098
1312.000000 3.166098
1312.500000 3.166098
1313.000000 3.166098
1313.500000 3.166098
1314.000000 3.166098
1314.500000 3.166098
1315.000000 3.166098
1315.500000 3.166098
1316.000000 3.166098
1316.500000 3.166098
1317.000000 3.166098
1317.500000 3.166098
1318.000000 3.166098
1318.500000 3.166098
1319.000000 3.166098
1319.500000 3.166098
1320.000000 3.166098
1320.500000 3.166098
1321.000000 3.166098
1321.500000 3.166098
1322.000000 3.166098
1322.500000 3.166098
1323.000000 3.166098
1323.500000 3.166098
1324.000000 3.166098
1324.500000 3.166098
1325.000000 3.166098
1325.500000 3.166098
1326.000000 3.166098
1326.500000 3.166098
1327.000000 3.166098
1327.500000 3.166098
1328.000000 3.166098
1328.500000 3.166098
1329.000000 3.166098
1329.500000 3.166098
1330.000000 3.166098
1330.500000 3.166098
1331.000000 3.166098
1331.500000 3.166098
1332.000000 3.166098
1332.500000 3.166098
1333.000000 3.166098
1333.500000 3.166098
1334.000000 3.166098
1334.500000 3.166098
1335.000000 3.166098
1335.500000 3.166098
1336.000000 3.166098
1336.500000 3.166098
1337.000000 3.166098
1337.500000 3.166098
1338.000000 3.166098
1338.500000 3.166098
1339.000000 3.166098
1339.500000 3.166098
1340.000000 3.166098
1340.500000 3.166098
1341.000000 3.166098
1341.500000 3.166098
1342.000000 3.166098
1342.500000 3.166098
1343.000000 3.166098
1343.500000 3.166098
1344.000000 3.166098
1344.500000 3.166098
1345.000000 3.166098
1345.500000 3.166098
1346.000000 3.166098
1346.500000 3.166098
1347.000000 3.166098
1347.500000 3.166098
1348.000000 3.166098
1348.500000 3.166098
1349.000000 3.166098
1349.500000 3.166098
1350.000000 3.166098
1350.500000 3.166098
1351.000000 3.166098
1351.500000 3.166098
1352.000000 3.166098
1352.500000 3.166098
1353.000000 3.166098
1353.500000 3.166098
1354.000000 3.166098
1354.500000 3.166098
1355.000000 3.166098
1355.500000 3.166098
1356.000000 3.166098
1356.500000 3.166098
1357.000000 3.166098
1357.500000 3.166098
1358.000000 3.166098
1358.500000 3.166098
1359.000000 3.166098
1359.500000 3.166098
1360.000000 3.166098
1360.500000 3.166098
1361.000000 3.166098
1361.500000 3.166098
1362.000000 3.166098
1362.500000 3.166098
1363.000000 3.166098
1363.500000 3.166098
1364.000000 3.166098
1364.500000 3.166098
1365.000000 3.166098
1365.500000 3.166098
1366.000000 3.166098
1366.500000 3.166098
1367.000000 3.166098
1367.500000 3.166098
1368.000000 3.166098
1368.500000 3.166098
1369.000000 3.166098
1369.500000 3.166098
1370.000000 3.166098
1370.500000 3.166098
1371.000000 3.166098
1371.500000 3.166098
1372.000000 3.166098
1372.500000 3.166098
1373.000000 3.166098
1373.500000 3.166098
1374.000000 3.166098
1374.500000 3.166098
1375.000000 3.166098
1375.500000 3.166098
1376.000000 3.166098
1376.500000 3.166098
1377.000000 3.166098
1377.500000 3.166098
1378.000000 3.166098
1378.500000 3.166098
1379.000000 3.166098
1379.500000 3.166098
1380.000000 3.166098
1380.500000 3.166098
1381.000000 3.166098
1381.500000 3.166098
1382.000000 3.166098
1382.500000 3.166098
1383.000000 3.166098
1383.500000 3.166098
1384.000000 3.166098
1384.500000 3.166098
1385.000000 3.166098
1385.500000 3.166098
1386.000000 3.166098
1386.500000 3.166098
1387.000000 3.166098
1387.500000 3.166098
1388.000000 3.166098
1388.500000 3.166098
1389.000000 3.166098
1389.500000 3.166098
1390.000000 3.166098
1390.500000 3.166098
1391.000000 3.166098
1391.500000 3.166098
1392.000000 3.166098
1392.500000 3.166098
1393.000000 3.166098
1393.500000 3.166098
1394.000000 3.166098
1394.500000 3.166098
1395.000000 3.166098
1395.500000 3.166098
1396.000000 3.166098
1396.500000 3.166098
1397.000000 3.166098
1397.500000 3.166098
1398.000000 3.166098
1398.500000 3.166098
1399.000000 3.166098
1399.500000 3.166098
1400.000000 3.166098
1400.500000 3.166098
1401.000000 3.166098
1401.500000 3.166098
1402.000000 3.166098
1402.500000 3.166098
1403.000000 3.166098
1403.500000 3.166098
1404.000000 3.166098
1404.500000 3.166098
1405.000000 3.166098
1405.500000 3.166098
1406.000000 3.166098
1406.500000 3.166098
1407.000000 3.166098
1407.500000 3.166098
1408.000000 3.166098
1408.500000 3.166098
1409.000000 3.166098
1409.500000 3.166098
1410.000000 3.166098
1410.500000 3.166098
1411.000000 3.166098
1411.500000 3.166098
1412.000000 3.166098
1412.500000 3.166098
1413.000000 3.166098
1413.500000 3.166098
1414.000000 3.166098
1414.500000 3.166098
1415.000000 3.166098
1415.500000 3.166098
1416.000000 3.166098
1416.500000 3.166098
1417.000000 3.166098
1417.500000 3.166098
1418.000000 3.166098
1418.500000 3.166098
1419.000000 3.166098
1419.500000 3.166098
1420.000000 3.166098
1420.500000 3.166098
1421.000000 3.166098
1421.500000 3.166098
1422.000000 3.166098
1422.500000 3.166098
1423.000000 3.166098
1423.500000 3.166098
1424.000000 3.166098
1424.500000 3.166098
1425.000000 3.166098
1425.500000 3.166098
1426.000000 3.166098
1426.500000 3.166098
1427.000000 3.166098
1427.500000 3.166098
1428.000000 3.166098
1428.500000 3.166098
1429.000000 3.166098
1429.500000 3.166098
1430.000000 3.166098
1430.500000 3.166098
1431.000000 3.166098
1431.500000 3.166098
1432.000000 3.166098
1432.500000 3.166098
1433.000000 3.166098
1433.500000 3.166098
1434.000000 3.166098
1434.500000 3.166098
1435.000000 3.166098
1435.500000 3.166098
1436.000000 3.166098
1436.500000 3.166098
1437.000000 3.166098
1437.500000 3.166098
1438.000000 3.166098
1438.500000 3.166098
1439.000000 3.166098
1439.500000 3.166098
1440.000000 3.166098
1440.500000 3.166098
1441.000000 3.166098
1441.500000 3.166098
1442.000000 3.166098
1442.500000 3.166098
1443.000000 3.166098
1443.500000 3.166098
1444.000000 3.166098
1444.500000 3.166098
1445.000000 3.166098
1445.500000 3.166098
1446.000000 3.166098
1446.500000 3.166098
1447.000000 3.166098
1447.500000 3.166098
1448.000000 3.166098
1448.500000 3.166098
1449.000000 3.166098
1449.500000 3.166098
1450.000000 3.166098
1450.500000 3.166098
1451.000000 3.166098
1451.500000 3.166098
1452.000000 3.166098
1452.500000 3.166098
1453.000000 3.166098
1453.500000 3.166098
1454.000000 3.166098
1454.500000 3.166098
1455.000000 3.166098
1455.500000 3.166098
1456.000000 3.166098
1456.500000 3.166098
1457.000000 3.166098
1457.500000 3.166098
1458.000000 3.166098
1458.500000 3.166098
1459.000000 3.166098
1459.500000 3.166098
1460.000000 3.166098
1460.500000 3.166098
1461.000000 3.166098
1461.500000 3.166098
1462.000000 3.166098
1462.500000 3.166098
1463.000000 3.166098
1463.500000 3.166098
1464.000000 3.166098
1464.500000 3.166098
1465.000000 3.166098
1465.500000 3.166098
1466.000000 3.166098
1466.500000 3.166098
1467.000000 3.166098
1467.500000 3.166098
1468.000000 3.166098
1468.500000 3.166098
1469.000000 3.166098
1469.500000 3.166098
1470.000000 3.166098
1470.500000 3.166098
1471.000000 3.166098
1471.500000 3.166098
1472.000000 3.166098
1472.500000 3.166098
1473.000000 3.166098
1473.500000 3.166098
1474.000000 3.166098
1474.500000 3.166098
1475.000000 3.166098
1475.500000 3.166098
1476.000000 3.166098
1476.500000 3.166098
1477.000000 3.166098
1477.500000 3.166098
1478.000000 3.166098
1478.500000 3.166098
1479.000000 3.166098
1479.500000 3.166098
1480.000000 3.166098
1480.500000 3.166098
1481.000000 3.166098
1481.500000 3.166098
1482.000000 3.166098
1482.500000 3.166098
1483.000000 3.166098
1483.500000 3.166098
1484.000000 3.166098
1484.500000 3.166098
1485.000000 3.166098
1485.500000 3.166098
1486.000000 3.166098
1486.500000 3.166098
1487.000000 3.166098
1487.500000 3.166098
1488.000000 3.166098
1488.500000 3.166098
1489.000000 3.166098
1489.500000 3.166098
1490.000000 3.166098
1490.500000 3.166098
1491.000000 3.166098
1491.500000 3.166098
1492.000000 3.166098
1492.500000 3.166098
1493.000000 3.166098
1493.500000 3.166098
1494.000000 3.166098
1494.500000 3.166098
1495.000000 3.166098
1495.500000 3.166098
1496.000000 3.166098
1496.500000 3.166098
1497.000000 3.166098
1497.500000 3.166098
1498.000000 3.166098
1498.500000 3.166098
1499.000000 3.166098
1499.500000 3.166098
1500.000000 3.166098
1500.500000 3.166098
1501.000000 3.166098
1501.500000 3.166098
1502.000000 3.166098
1502.500000 3.166098
1503.000000 3.166098
1503.500000 3.166098
1504.000000 3.166098
1504.500000 3.166098
1505.000000 3.166098
1505.500000 3.166098
1506.000000 3.166098
1506.500000 3.166098
1507.000000 3.166098
1507.500000 3.166098
1508.000000 3.166098
1508.500000 3.166098
1509.000000 3.166098
1509.500000 3.166098
1510.000000 3.166098
1510.500000 3.166098
1511.000000 3.166098
1511.500000 3.166098
1512.000000 3.166098
1512.500000 3.166098
1513.000000 3.166098
1513.500000 3.166098
1514.000000 3.166098
1514.500000 3.166098
1515.000000 3.166098
1515.500000 3.166098
1516.000000 3.166098
1516.500000 3.166098
1517.000000 3.166098
1517.500000 3.166098
1518.000000 3.166098
1518.500000 3.166098
1519.000000 3.166098
1519.500000 3.166098
1520.000000 3.166098
1520.500000 3.166098
1521.000000 3.166098
1521.500000 3.166098
1522.000000 3.166098
1522.500000 3.166098
1523.000000 3.166098
1523.500000 3.166098
1524.000000 3.166098
1524.500000 3.166098
1525.000000 3.166098
1525.500000 3.166098
1526.000000 3.166098
1526.500000 3.166098
1527.000000 3.166098
1527.500000 3.166098
1528.000000 3.166098
1528.500000 3.166098
1529.000000 3.166098
1529.500000 3.166098
1530.000000 3.166098
1530.500000 3.166098
1531.000000 3.166098
1531.500000 3.166098
1532.000000 3.166098
1532.500000 3.166098
1533.000000 3.166098
1533.500000 3.166098
1534.000000 3.166098
1534.500000 3.166098
1535.000000 3.166098
1535.500000 3.166098
1536.000000 3.166098
1536.500000 3.166098
1537.000000 3.166098
1537.500000 3.166098
1538.000000 3.166098
1538.500000 3.166098
1539.000000 3.166098
1539.500000 3.166098
1540.000000 3.166098
1540.500000 3.166098
1541.000000 3.166098
1541.500000 3.166098
1542.000000 3.166098
1542.500000 3.166098
1543.000000 3.166098
1543.500000 3.166098
1544.000000 3.166098
1544.500000 3.166098
1545.000000 3.166098
1545.500000 3.166098
1546.000000 3.166098
1546.500000 3.166098
1547.000000 3.166098
1547.500000 3.166098
1548.000000 3.166098
1548.500000 3.166098
1549.000000 3.166098
1549.500000 3.166098
1550.000000 3.166098
1550.500000 3.166098
1551.000000 3.166098
1551.500000 3.166098
1552.000000 3.166098
1552.500000 3.166098
1553.000000 3.166098
1553.500000 3.166098
1554.000000 3.166098
1554.500000 3.166098
1555.000000 3.166098
1555.500000 3.166098
1556.000000 3.166098
1556.500000 3.166098
1557.000000 3.166098
1557.500000 3.166098
1558.000000 3.166098
1558.500000 3.166098
1559.000000 3.166098
1559.500000 3.166098
1560.000000 3.166098
1560.500000 3.166098
1561.000000 3.166098
1561.500000 3.166098
1562.000000 3.166098
1562.500000 3.166098
1563.000000 3.166098
1563.500000 3.166098
1564.000000 3.166098
1564.500000 3.166098
1565.000000 3.166098
1565.500000 3.166098
1566.000000 3.166098
1566.500000 3.166098
1567.000000 3.166098
1567.500000 3.166098
1568.000000 3.166098
1568.500000 3.166098
1569.000000 3.166098
1569.500000 3.166098
1570.000000 3.166098
1570.500000 3.166098
1571.000000 3.166098
1571.500000 3.166098
1572.000000 3.166098
1572.500000 3.166098
1573.000000 3.166098
1573.500000 3.166098
1574.000000 3.166098
1574.500000 3.166098
1575.000000 3.166098
1575.500000 3.166098
1576.000000 3.166098
1576.500000 3.166098
1577.000000 3.166098
1577.500000 3.166098
1578.000000 3.166098
1578.500000 3.166098
1579.000000 3.166098
1579.500000 3.166098
1580.000000 3.166098
1580.500000 3.166098
1581.000000 3.166098
1581.500000 3.166098
1582.000000 3.166098
1582.500000 3.166098
1583.000000 3.166098
1583.500000 3.166098
1584.000000 3.166098
1584.500000 3.166098
1585.000000 3.166098
1585.500000 3.166098
1586.000000 3.166098
1586.500000 3.166098
1587.000000 3.166098
1587.500000 3.166098
1588.000000 3.166098
1588.500000 3.166098
1589.000000 3.166098
1589.500000 3.166098
1590.000000 3.166098
1590.500000 3.166098
1591.000000 3.166098
1591.500000 3.166098
1592.000000 3.166098
1592.500000 3.166098
1593.000000 3.166098
1593.500000 3.166098
1594.000000 3.166098
1594.500000 3.166098
1595.000000 3.166098
1595.500000 3.166098
1596.000000 3.166098
1596.500000 3.166098
1597.000000 3.166098
1597.500000 3.166098
1598.000000 3.166098
1598.500000 3.166098
1599.000000 3.166098
1599.500000 3.166098
1600.000000 3.166098
1600.500000 3.166098
1601.000000 3.166098
1601.500000 3.166098
1602.000000 3.166098
1602.500000 3.166098
1603.000000 3.166098
1603.500000 3.166098
1604.000000 3.166098
1604.500000 3.166098
1605.000000 3.166098
1605.500000 3.166098
1606.000000 3.166098
1606.500000 3.166098
1607.000000 3.166098
1607.500000 3.166098
1608.000000 3.166098
1608.500000 3.166098
1609.000000 3.166098
1609.500000 3.166098
1610.000000 3.166098
1610.500000 3.166098
1611.000000 3.166098
1611.500000 3.166098
1612.000000 3.166098
1612.500000 3.166098
1613.000000 3.166098
1613.500000 3.166098
1614.000000 3.166098
1614.500000 3.166098
1615.000000 3.166098
1615.500000 3.166098
1616.000000 3.166098
1616.500000 3.166098
1617.000000 3.166098
1617.500000 3.166098
1618.000000 3.166098
1618.500000 3.166098
1619.000000 3.166098
1619.500000 3.166098
1620.000000 3.166098
1620.500000 3.166098
1621.000000 3.166098
1621.500000 3.166098
1622.000000 3.166098
1622.500000 3.166098
1623.000000 3.166098
1623.500000 3.166098
1624.000000 3.166098
1624.500000 3.166098
1625.000000 3.166098
1625.500000 3.166098
1626.000000 3.166098
1626.500000 3.166098
1627.000000 3.166098
1627.500000 3.166098
1628.000000 3.166098
1628.500000 3.166098
1629.000000 3.166098
1629.500000 3.166098
1630.000000 3.166098
1630.500000 3.166098
1631.000000 3.166098
1631.500000 3.166098
1632.000000 3.166098
1632.500000 3.166098
1633.000000 3.166098
1633.500000 3.166098
1634.000000 3.166098
1634.500000 3.166098
1635.000000 3.166098
1635.500000 3.166098
1636.000000 3.166098
1636.500000 3.166098
1637.000000 3.166098
1637.500000 3.166098
1638.000000 3.166098
1638.500000 3.166098
1639.000000 3.166098
1639.500000 3.166098
1640.000000 3.166098
1640.500000 3.166098
1641.000000 3.166098
1641.500000 3.166098
1642.000000 3.166098
1642.500000 3.166098
1643.000000 3.166098
1643.500000 3.166098
1644.000000 3.166098
1644.500000 3.166098
1645.000000 3.166098
1645.500000 3.166098
1646.000000 3.166098
1646.500000 3.166098
1647.000000 3.166098
1647.500000 3.166098
1648.000000 3.166098
1648.500000 3.166098
1649.000000 3.166098
1649.500000 3.166098
1650.000000 3.166098
1650.500000 3.166098
1651.000000 3.166098
1651.500000 3.166098
1652.000000 3.166098
1652.500000 3.166098
1653.000000 3.166098
1653.500000 3.166098
1654.000000 3.166098
1654.500000 3.166098
1655.000000 3.166098
1655.500000 3.166098
1656.000000 3.166098
1656.500000 3.166098
1657.000000 3.166098
1657.500000 3.166098
1658.000000 3.166098
1658.500000 3.166098
1659.000000 3.166098
1659.500000 3.166098
1660.000000 3.166098
1660.500000 3.166098
1661.000000 3.166098
1661.500000 3.166098
1662.000000 3.166098
1662.500000 3.166098
1663.000000 3.166098
1663.500000 3.166098
1664.000000 3.166098
1664.500000 3.166098
1665.000000 3.166098
1665.500000 3.166098
1666.000000 3.166098
1666.500000 3.166098
1667.000000 3.166098
1667.500000 3.166098
1668.000000 3.166098
1668.500000 3.166098
1669.000000 3.166098
1669.500000 3.166098
1670.000000 3.166098
1670.500000 3.166098
1671.000000 3.166098
1671.500000 3.166098
1672.000000 3.166098
1672.500000 3.166098
1673.000000 3.166098
1673.500000 3.166098
1674.000000 3.166098
1674.500000 3.166098
1675.000000 3.166098
1675.500000 3.166098
1676.000000 3.166098
1676.500000 3.166098
1677.000000 3.166098
1677.500000 3.166098
1678.000000 3.166098
1678.500000 3.166098
1679.000000 3.166098
1679.500000 3.166098
1680.000000 3.166098
1680.500000 3.166098
1681.000000 3.166098
1681.500000 3.166098
1682.000000 3.166098
1682.500000 3.166098
1683.000000 3.166098
1683.500000 3.166098
1684.000000 3.166098
1684.500000 3.166098
1685.000000 3.166098
1685.500000 3.166098
1686.000000 3.166098
1686.500000 3.166098
1687.000000 3.166098
1687.500000 3.166098
1688.000000 3.166098
1688.500000 3.166098
1689.000000 3.166098
1689.500000 3.166098
1690.000000 3.166098
1690.500000 3.166098
1691.000000 3.166098
1691.500000 3.166098
1692.000000 3.166098
1692.500000 3.166098
1693.000000 3.166098
1693.500000 3.166098
1694.000000 3.166098
1694.500000 3.166098
1695.000000 3.166098
1695.500000 3.166098
1696.000000 3.166098
1696.500000 3.166098
1697.000000 3.166098
1697.500000 3.166098
1698.000000 3.166098
1698.500000 3.166098
1699.000000 3.166098
1699.500000 3.166098
1700.000000 3.166098
1700.500000 3.166098
1701.000000 3.166098
1701.500000 3.166098
1702.000000 3.166098
1702.500000 3.166098
1703.000000 3.166098
1703.500000 3.166098
1704.000000 3.166098
1704.500000 3.166098
1705.000000 3.166098
1705.500000 3.166098
1706.000000 3.166098
1706.500000 3.166098
1707.000000 3.166098
1707.500000 3.166098
1708.000000 3.166098
1708.500000 3.166098
1709.000000 3.166098
1709.500000 3.166098
1710.000000 3.166098
1710.500000 3.166098
1711.000000 3.166098
1711.500000 3.166098
1712.000000 3.166098
1712.500000 3.166098
1713.000000 3.166098
1713.500000 3.166098
1714.000000 3.166098
1714.500000 3.166098
1715.000000 3.166098
1715.500000 3.166098
1716.000000 3.166098
1716.500000 3.166098
1717.000000 3.166098
1717.500000 3.166098
1718.000000 3.166098
1718.500000 3.166098
1719.000000 3.166098
1719.500000 3.166098
1720.000000 3.166098
1720.500000 3.166098
1721.000000 3.166098
1721.500000 3.166098
1722.000000 3.166098
1722.500000 3.166098
1723.000000 3.166098
1723.500000 3.166098
1724.000000 3.166098
1724.500000 3.166098
1725.000000 3.166098
1725.500000 3.166098
1726.000000 3.166098
1726.500000 3.166098
1727.000000 3.166098
1727.500000 3.166098
1728.000000 3.166098
1728.500000 3.166098
1729.000000 3.166098
1729.500000 3.166098
1730.000000 3.166098
1730.500000 3.166098
1731.000000 3.166098
1731.500000 3.166098
1732.000000 3.166098
1732.500000 3.166098
1733.000000 3.166098
1733.500000 3.166098
1734.000000 3.166098
1734.500000 3.166098
1735.000000 3.166098
1735.500000 3.166098
1736.000000 3.166098
1736.500000 3.166098
1737.000000 3.166098
1737.500000 3.166098
1738.000000 3.166098
1738.500000 3.166098
1739.000000 3.166098
1739.500000 3.166098
1740.000000 3.166098
1740.500000 3.166098
1741.000000 3.166098
1741.500000 3.166098
1742.000000 3.166098
1742.500000 3.166098
1743.000000 3.166098
1743.500000 3.166098
1744.000000 3.166098
1744.500000 3.166098
1745.000000 3.166098
1745.500000 3.166098
1746.000000 3.166098
1746.500000 3.166098
1747.000000 3.166098
1747.500000 3.166098
1748.000000 3.166098
1748.500000 3.166098
1749.000000 3.166098
1749.500000 3.166098
1750.000000 3.166098
1750.500000 3.166098
1751.000000 3.166098
1751.500000 3.166098
1752.000000 3.166098
1752.500000 3.166098
1753.000000 3.166098
1753.500000 3.166098
1754.000000 3.166098
1754.500000 3.166098
1755.000000 3.166098
1755.500000 3.166098
1756.000000 3.166098
1756.500000 3.166098
1757.000000 3.166098
1757.500000 3.166098
1758.000000 3.166098
1758.500000 3.166098
1759.000000 3.166098
1759.500000 3.166098
1760.000000 3.166098
1760.500000 3.166098
1761.000000 3.166098
1761.500000 3.166098
1762.000000 3.166098
1762.500000 3.166098
1763.000000 3.166098
1763.500000 3.166098
1764.000000 3.166098
1764.500000 3.166098
1765.000000 3.166098
1765.500000 3.166098
1766.000000 3.166098
1766.500000 3.166098
1767.000000 3.166098
1767.500000 3.166098
1768.000000 3.166098
1768.500000 3.166098
1769.000000 3.166098
1769.500000 3.166098
1770.000000 3.166098
1770.500000 3.166098
1771.000000 3.166098
1771.500000 3.166098
1772.000000 3.166098
1772.500000 3.166098
1773.000000 3.166098
1773.500000 3.166098
1774.000000 3.166098
1774.500000 3.166098
1775.000000 3.166098
1775.500000 3.166098
1776.000000 3.166098
1776.500000 3.166098
1777.000000 3.166098
1777.500000 3.166098
1778.000000 3.166098
1778.500000 3.166098
1779.000000 3.166098
1779.500000 3.166098
1780.000000 3.166098
1780.500000 3.166098
1781.000000 3.166098
1781.500000 3.166098
1782.000000 3.166098
1782.500000 3.166098
1783.000000 3.166098
1783.500000 3.166098
1784.000000 3.166098
1784.500000 3.166098
1785.000000 3.166098
1785.500000 3.166098
1786.000000 3.166098
1786.500000 3.166098
1787.000000 3.166098
1787.500000 3.166098
1788.000000 3.166098
1788.500000 3.166098
1789.000000 3.166098
1789.500000 3.166098
1790.000000 3.166098
1790.500000 3.166098
1791.000000 3.166098
1791.500000 3.166098
1792.000000 3.166098
1792.500000 3.166098
1793.000000 3.166098
1793.500000 3.166098
1794.000000 3.166098
1794.500000 3.166098
1795.000000 3.166098
1795.500000 3.166098
1796.000000 3.166098
1796.500000 3.166098
1797.000000 3.166098
1797.500000 3.166098
1798.000000 3.166098
1798.500000 3.166098
1799.000000 3.166098
1799.500000 3.166098
1800.000000 3.166098
1800.500000 3.166098
1801.000000 3.166098
1801.500000 3.166098
1802.000000 3.166098
1802.500000 3.166098
1803.000000 3.166098
1803.500000 3.166098
1804.000000 3.166098
1804.500000 3.166098
1805.000000 3.166098
1805.500000 3.166098
1806.000000 3.166098
1806.500000 3.166098
1807.000000 3.166098
1807.500000 3.166098
1808.000000 3.166098
1808.500000 3.166098
1809.000000 3.166098
1809.500000 3.166098
1810.000000 3.166098
1810.500000 3.166098
1811.000000 3.166098
1811.500000 3.166098
1812.000000 3.166098
1812.500000 3.166098
1813.000000 3.166098
1813.500000 3.166098
1814.000000 3.166098
1814.500000 3.166098
1815.000000 3.166098
1815.500000 3.166098
1816.000000 3.166098
1816.500000 3.166098
1817.000000 3.166098
1817.500000 3.166098
1818.000000 3.166098
1818.500000 3.166098
1819.000000 3.166098
1819.500000 3.166098
1820.000000 3.166098
1820.500000 3.166098
1821.000000 3.166098
1821.500000 3.166098
1822.000000 3.166098
1822.500000 3.166098
1823.000000 3.166098
1823.500000 3.166098
1824.000000 3.166098
1824.500000 3.166098
1825.000000 3.166098
1825.500000 3.166098
1826.000000 3.166098
1826.500000 3.166098
1827.000000 3.166098
1827.500000 3.166098
1828.000000 3.166098
1828.500000 3.166098
1829.000000 3.166098
1829.500000 3.166098
1830.000000 3.166098
1830.500000 3.166098
1831.000000 3.166098
1831.500000 3.166098
1832.000000 3.166098
1832.500000 3.166098
1833.000000 3.166098
1833.500000 3.166098
1834.000000 3.166098
1834.500000 3.166098
1835.000000 3.166098
1835.500000 3.166098
1836.000000 3.166098
1836.500000 3.166098
1837.000000 3.166098
1837.500000 3.166098
1838.000000 3.166098
1838.500000 3.166098
1839.000000 3.166098
1839.500000 3.166098
1840.000000 3.166098
1840.500000 3.166098
1841.000000 3.166098
1841.500000 3.166098
1842.000000 3.166098
1842.500000 3.166098
1843.000000 3.166098
1843.500000 3.166098
1844.000000 3.166098
1844.500000 3.166098
1845.000000 3.166098
1845.500000 3.166098
1846.000000 3.166098
1846.500000 3.166098
1847.000000 3.166098
1847.500000 3.166098
1848.000000 3.166098
1848.500000 3.166098
1849.000000 3.166098
1849.500000 3.166098
1850.000000 3.166098
1850.500000 3.166098
1851.000000 3.166098
1851.500000 3.166098
1852.000000 3.166098
1852.500000 3.166098
1853.000000 3.166098
1853.500000 3.166098
1854.000000 3.166098
1854.500000 3.166098
1855.000000 3.166098
1855.500000 3.166098
1856.000000 3.166098
1856.500000 3.166098
1857.000000 3.166098
1857.500000 3.166098
1858.000000 3.166098
1858.500000 3.166098
1859.000000 3.166098
1859.500000 3.166098
1860.000000 3.166098
1860.500000 3.166098
1861.000000 3.166098
1861.500000 3.166098
1862.000000 3.166098
1862.500000 3.166098
1863.000000 3.166098
1863.500000 3.166098
1864.000000 3.166098
1864.500000 3.166098
1865.000000 3.166098
1865.500000 3.166098
1866.000000 3.166098
1866.500000 3.166098
1867.000000 3.166098
1867.500000 3.166098
1868.000000 3.166098
1868.500000 3.166098
1869.000000 3.166098
1869.500000 3.166098
1870.000000 3.166098
1870.500000 3.166098
1871.000000 3.166098
1871.500000 3.166098
1872.000000 3.166098
1872.500000 3.166098
1873.000000 3.166098
1873.500000 3.166098
1874.000000 3.166098
1874.500000 3.166098
1875.000000 3.166098
1875.500000 3.166098
1876.000000 3.166098
1876.500000 3.166098
1877.000000 3.166098
1877.500000 3.166098
1878.000000 3.166098
1878.500000 3.166098
1879.000000 3.166098
1879.500000 3.166098
1880.000000 3.166098
1880.500000 3.166098
1881.000000 3.166098
1881.500000 3.166098
1882.000000 3.166098
1882.500000 3.166098
1883.000000 3.166098
1883.500000 3.166098
1884.000000 3.166098
1884.500000 3.166098
1885.000000 3.166098
1885.500000 3.166098
1886.000000 3.166098
1886.500000 3.166098
1887.000000 3.166098
1887.500000 3.166098
1888.000000 3.166098
1888.500000 3.166098
1889.000000 3.166098
1889.500000 3.166098
1890.000000 3.166098
1890.500000 3.166098
1891.000000 3.166098
1891.500000 3.166098
1892.000000 3.166098
1892.500000 3.166098
1893.000000 3.166098
1893.500000 3.166098
1894.000000 3.166098
1894.500000 3.166098
1895.000000 3.166098
1895.500000 3.166098
1896.000000 3.166098
1896.500000 3.166098
1897.000000 3.166098
1897.500000 3.166098
1898.000000 3.166098
1898.500000 3.166098
1899.000000 3.166098
1899.500000 3.166098
1900.000000 3.166098
1900.500000 3.166098
1901.000000 3.166098
1901.500000 3.166098
1902.000000 3.166098
1902.500000 3.166098
1903.000000 3.166098
1903.500000 3.166098
1904.000000 3.166098
1904.500000 3.166098
1905.000000 3.166098
1905.500000 3.166098
1906.000000 3.166098
1906.500000 3.166098
1907.000000 3.166098
1907.500000 3.166098
1908.000000 3.166098
1908.500000 3.166098
1909.000000 3.166098
1909.500000 3.166098
1910.000000 3.166098
1910.500000 3.166098
1911.000000 3.166098
1911.500000 3.166098
1912.000000 3.166098
1912.500000 3.166098
1913.000000 3.166098
1913.500000 3.166098
1914.000000 3.166098
1914.500000 3.166098
1915.000000 3.166098
1915.500000 3.166098
1916.000000 3.166098
1916.500000 3.166098
1917.000000 3.166098
1917.500000 3.166098
1918.000000 3.166098
1918.500000 3.166098
1919.000000 3.166098
1919.500000 3.166098
1920.000000 3.166098
1920.500000 3.166098
1921.000000 3.166098
1921.500000 3.166098
1922.000000 3.166098
1922.500000 3.166098
1923.000000 3.166098
1923.500000 3.166098
1924.000000 3.166098
1924.500000 3.166098
1925.000000 3.166098
1925.500000 3.166098
1926.000000 3.166098
1926.500000 3.166098
1927.000000 3.166098
1927.500000 3.166098
1928.000000 3.166098
1928.500000 3.166098
1929.000000 3.166098
1929.500000 3.166098
1930.000000 3.166098
1930.500000 3.166098
1931.000000 3.166098
1931.500000 3.166098
1932.000000 3.166098
1932.500000 3.166098
1933.000000 3.166098
1933.500000 3.166098
1934.000000 3.166098
1934.500000 3.166098
1935.000000 3.166098
1935.500000 3.166098
1936.000000 3.166098
1936.500000 3.166098
1937.000000 3.166098
1937.500000 3.166098
1938.000000 3.166098
1938.500000 3.166098
1939.000000 3.166098
1939.500000 3.166098
1940.000000 3.166098
1940.500000 3.166098
1941.000000 3.166098
1941.500000 3.166098
1942.000000 3.166098
1942.500000 3.166098
1943.000000 3.166098
1943.500000 3.166098
1944.000000 3.166098
1944.500000 3.166098
1945.000000 3.166098
1945.500000 3.166098
1946.000000 3.166098
1946.500000 3.166098
1947.000000 3.166098
1947.500000 3.166098
1948.000000 3.166098
1948.500000 3.166098
1949.000000 3.166098
1949.500000 3.166098
1950.000000 3.166098
1950.500000 3.166098
1951.000000 3.166098
1951.500000 3.166098
1952.000000 3.166098
1952.500000 3.166098
1953.000000 3.166098
1953.500000 3.166098
1954.000000 3.166098
1954.500000 3.166098
1955.000000 3.166098
1955.500000 3.166098
1956.000000 3.166098
1956.500000 3.166098
1957.000000 3.166098
1957.500000 3.166098
1958.000000 3.166098
1958.500000 3.166098
1959.000000 3.166098
1959.500000 3.166098
1960.000000 3.166098
1960.500000 3.166098
1961.000000 3.166098
1961.500000 3.166098
1962.000000 3.166098
1962.500000 3.166098
1963.000000 3.166098
1963.500000 3.166098
1964.000000 3.166098
1964.500000 3.166098
1965.000000 3.166098
1965.500000 3.166098
1966.000000 3.166098
1966.500000 3.166098
1967.000000 3.166098
1967.500000 3.166098
1968.000000 3.166098
1968.500000 3.166098
1969.000000 3.166098
1969.500000 3.166098
1970.000000 3.166098
1970.500000 3.166098
1971.000000 3.166098
1971.500000 3.166098
1972.000000 3.166098
1972.500000 3.166098
1973.000000 3.166098
1973.500000 3.166098
1974.000000 3.166098
1974.500000 3.166098
1975.000000 3.166098
1975.500000 3.166098
1976.000000 3.166098
1976.500000 3.166098
1977.000000 3.166098
1977.500000 3.166098
1978.000000 3.166098
1978.500000 3.166098
1979.000000 3.166098
1979.500000 3.166098
1980.000000 3.166098
1980.500000 3.166098
1981.000000 3.166098
1981.500000 3.166098
1982.000000 3.166098
1982.500000 3.166098
1983.000000 3.166098
1983.500000 3.166098
1984.000000 3.166098
1984.500000 3.166098
1985.000000 3.166098
1985.500000 3.166098
1986.000000 3.166098
1986.500000 3.166098
1987.000000 3.166098
1987.500000 3.166098
1988.000000 3.166098
1988.500000 3.166098
1989.000000 3.166098
1989.500000 3.166098
1990.000000 3.166098
1990.500000 3.166098
1991.000000 3.166098
1991.500000 3.166098
1992.000000 3.166098
1992.500000 3.166098
1993.000000 3.166098
1993.500000 3.166098
1994.000000 3.166098
1994.500000 3.166098
1995.000000 3.166098
1995.500000 3.166098
1996.000000 3.166098
1996.500000 3.166098
1997.000000 3.166098
1997.500000 3.166098
1998.000000 3.166098
1998.500000 3.166098
1999.000000 3.166098
1999.500000 3.166098
2000.000000 3.166098
2000.500000 3.166098
2001.000000 3.166098
2001.500000 3.166098
2002.000000 3.166098
2002.500000 3.166098
2003.000000 3.166098
2003.500000 3.166098
2004.000000 3.166098
2004.500000 3.166098
2005.000000 3.166098
2005.500000 3.166098
2006.000000 3.166098
2006.500000 3.166098
2007.000000 3.166098
2007.500000 3.166098
2008.000000 3.166098
2008.500000 3.166098
2009.000000 3.166098
2009.500000 3.166098
2010.000000 3.166098
2010.500000 3.166098
2011.000000 3.166098
2011.500000 3.166098
2012.000000 3.166098
2012.500000 3.166098
2013.000000 3.166098
2013.500000 3.166098
2014.000000 3.166098
2014.500000 3.166098
2015.000000 3.166098
2015.500000 3.166098
2016.000000 3.166098
2016.500000 3.166098
2017.000000 3.166098
2017.500000 3.166098
2018.000000 3.166098
2018.500000 3.166098
2019.000000 3.166098
2019.500000 3.166098
2020.000000 3.166098
2020.500000 3.166098
2021.000000 3.166098
2021.500000 3.166098
2022.000000 3.166098
2022.500000 3.166098
2023.000000 3.166098
2023.500000 3.166098
2024.000000 3.166098
2024.500000 3.166098
2025.000000 3.166098
2025.500000 3.166098
2026.000000 3.166098
2026.500000 3.166098
2027.000000 3.166098
2027.500000 3.166098
2028.000000 3.166098
2028.500000 3.166098
2029.000000 3.166098
2029.500000 3.166098
2030.000000 3.166098
2030.500000 3.166098
2031.000000 3.166098
2031.500000 3.166098
2032.000000 3.166098
2032.500000 3.166098
2033.000000 3.166098
2033.500000 3.166098
2034.000000 3.166098
2034.500000 3.166098
2035.000000 3.166098
2035.500000 3.166098
2036.000000 3.166098
2036.500000 3.166098
2037.000000 3.166098
2037.500000 3.166098
2038.000000 3.166098
2038.500000 3.166098
2039.000000 3.166098
2039.500000 3.166098
2040.000000 3.166098
2040.500000 3.166098
2041.000000 3.166098
2041.500000 3.166098
2042.000000 3.166098
2042.500000 3.166098
2043.000000 3.166098
2043.500000 3.166098
2044.000000 3.166098
2044.500000 3.166098
2045.000000 3.166098
2045.500000 3.166098
2046.000000 3.166098
2046.500000 3.166098
2047.000000 3.166098
2047.500000 3.166098
2048.000000 3.166098
2048.500000 3.166098
2049.000000 3.166098
2049.500000 3.166098
2050.000000 3.166098
2050.500000 3.166098
2051.000000 3.166098
2051.500000 3.166098
2052.000000 3.166098
2052.500000 3.166098
2053.000000 3.166098
2053.500000 3.166098
2054.000000 3.166098
2054.500000 3.166098
2055.000000 3.166098
2055.500000 3.166098
2056.000000 3.166098
2056.500000 3.166098
2057.000000 3.166098
2057.500000 3.166098
2058.000000 3.166098
2058.500000 3.166098
2059.000000 3.166098
2059.500000 3.166098
2060.000000 3.166098
2060.500000 3.166098
2061.000000 3.166098
2061.500000 3.166098
2062.000000 3.166098
2062.500000 3.166098
2063.000000 3.166098
2063.500000 3.166098
2064.000000 3.166098
2064.500000 3.166098
2065.000000 3.166098
2065.500000 3.166098
2066.000000 3.166098
2066.500000 3.166098
2067.000000 3.166098
2067.500000 3.166098
2068.000000 3.166098
2068.500000 3.166098
2069.000000 3.166098
2069.500000 3.166098
2070.000000 3.166098
2070.500000 3.166098
2071.000000 3.166098
2071.500000 3.166098
2072.000000 3.166098
2072.500000 3.166098
2073.000000 3.166098
2073.500000 3.166098
2074.000000 3.166098
2074.500000 3.166098
2075.000000 3.166098
2075.500000 3.166098
2076.000000 3.166098
2076.500000 3.166098
2077.000000 3.166098
2077.500000 3.166098
2078.000000 3.166098
2078.500000 3.166098
2079.000000 3.166098
2079.500000 3.166098
2080.000000 3.166098
2080.500000 3.166098
2081.000000 3.166098
2081.500000 3.166098
2082.000000 3.166098
2082.500000 3.166098
2083.000000 3.166098
2083.500000 3.166098
2084.000000 3.166098
2084.500000 3.166098
2085.000000 3.166098
2085.500000 3.166098
2086.000000 3.166098
2086.500000 3.166098
2087.000000 3.166098
2087.500000 3.166098
2088.000000 3.166098
2088.500000 3.166098
2089.000000 3.166098
2089.500000 3.166098
2090.000000 3.166098
2090.500000 3.166098
2091.000000 3.166098
2091.500000 3.166098
2092.000000 3.166098
2092.500000 3.166098
2093.000000 3.166098
2093.500000 3.166098
2094.000000 3.166098
2094.500000 3.166098
2095.000000 3.166098
2095.500000 3.166098
2096.000000 3.166098
2096.500000 3.166098
2097.000000 3.166098
2097.500000 3.166098
2098.000000 3.166098
2098.500000 3.166098
2099.000000 3.166098
2099.500000 3.166098
2100.000000 3.166098
2100.500000 3.166098
2101.000000 3.166098
2101.500000 3.166098
2102.000000 3.166098
2102.500000 3.166098
2103.000000 3.166098
2103.500000 3.166098
2104.000000 3.166098
2104.500000 3.166098
2105.000000 3.166098
2105.500000 3.166098
2106.000000 3.166098
2106.500000 3.166098
2107.000000 3.166098
