0.0,2e-05,0
2.88007,7.9e-05,14.21681875
5.76014,0.000277,1.3278625
8.6402,0.000741,-3.4544008171568628
11.52027,0.003674,-15.16788897515528
14.40034,0.005363,-19.418941329787234
17.28041,0.008296,-18.959118093385214
20.16048,0.006993,-16.871813488700564
23.04054,0.006222,-13.441277021276596
25.92061,0.007427,-12.443219015795869
28.80068,0.005363,-9.461297069943289
31.68075,0.00397,-8.445273691860466
34.56082,0.004267,-6.600134620098039
37.44089,0.003852,-6.097812727272728
40.32095,0.003052,-5.546023502604167
43.20102,0.003338,-4.929768668091167
46.08109,0.003556,-4.371022088688946
48.96116,0.001659,-3.937689765258216
51.84123,0.001037,-4.028678762135923
54.72129,0.001768,-11.224049420529802
57.60136,0.002815,-11.062196295454545
60.48143,0.004494,-10.929871459537573
63.3615,0.004998,-9.64642594512195
66.24157,0.005304,-8.967971579589843
69.12163,0.00561,-7.92897413963964
72.0017,0.005096,-7.071638233276158
74.88177,0.006607,-6.178058148148148
77.76184,0.005669,-5.767196482845188
80.64191,0.006568,-4.89255666041979
83.52197,0.004859,-4.493408906525573
86.40204,0.007842,-3.9645767766497464
89.28211,0.005393,-3.7669793128742515
92.16218,0.010627,-3.4981499636058233
95.04225,0.004079,-3.108578450996678
97.92231,0.006627,-3.150299964333782
100.80238,0.005748,-2.755397186073059
103.68245,0.005886,-2.731362936675462
106.56252,0.006538,-2.6201737475915223
109.44259,0.005432,-2.0994465159
112.32266,0.005926,-1.7388253258807589
115.20272,0.006607,-1.200155109643377
118.08279,0.004899,-0.9240617921828909
120.96286,0.001333,-0.5374961705357143
123.84293,0.00237,-1.252257421491228
126.723,0.009649,-1.090066037817552
129.60306,0.008672,-1.160837616026711
132.48313,0.004593,-0.8500453807692308
135.3632,0.008563,-0.7966534688596492
138.24327,0.004998,-0.5434174290277778
141.12334,0.007911,-0.6674902641062578
144.0034,0.007832,-0.5077147544561403
146.88347,0.006341,-0.5355427566957364
149.76354,0.007062,-0.5133482968608301
152.64361,0.007714,-0.4990476539589443
155.52368,0.007684,-0.5317231106263982
158.40374,0.007447,-0.39849343617630223
161.28381,0.008938,-0.47217021117592595
164.16388,0.007269,-0.42764049537712895
167.04395,0.005965,-0.43511657499999995
169.92402,0.005491,-0.3712644711700337
172.80409,0.006015,-0.3833858896118531
175.68415,0.008395,-0.3737347484589552
178.56422,0.009758,-0.48055553337942475
181.44429,0.007151,-0.5328136707457457
184.32436,0.004306,-0.46017909126321355
187.20443,0.002765,-0.3206656843832021
190.08449,0.003012,-0.3497400469132653
192.96456,0.002835,-0.25999720412186383
195.84463,0.002864,-0.21382869401785715
198.7247,0.003052,0.0414175974025974
201.60477,0.003141,0.30359645405027935
204.48483,0.0024,0.7165304457364341
207.3649,0.002696,0.9042817705627706
210.24497,0.002222,1.0416018998333334
213.12504,0.002904,1.0722258967391305
216.00511,0.003763,1.0164525866050809
218.88517,0.003763,1.0437918368657675
221.76524,0.003852,1.2165642569444444
224.64531,0.003516,1.4214083635227983
227.52538,0.003151,1.4899825018288222
230.40545,0.003664,1.5292893067729083
233.28551,0.006074,1.4761413561131873
236.16558,0.007012,1.4120916791044775
239.04565,0.00636,1.3128268131101812
241.92572,0.005758,1.1937870349761528
244.80579,0.005975,1.1090204810855264
247.68586,0.006933,1.0062535499207608
250.56592,0.006607,0.9205527474526929
253.44599,0.005126,1.0059508072916667
256.32606,0.006696,1.0729210670194003
259.20613,0.005985,1.122651309291748
262.0862,0.000504,1.1818874769797423
264.96626,0.0,0
267.84633,0.0,0
270.7264,0.0,0
273.60647,0.0,0
276.48654,0.0,0
279.3666,0.00401,0
282.24667,0.010252,-2.5505865421587477
285.12674,0.010035,-2.4451797396449706
288.00681,0.011654,-2.336427443260769
290.88688,0.011417,-2.2365990511106317
293.76694,0.014291,-2.141421793847383
296.64701,0.018499,-2.0627750398146807
299.52708,0.01916,-1.9884565777368906
302.40715,0.000681,-1.8213475037821483
305.28722,0.0,0
308.16728,0.0,0
311.04735,0.0,0
313.92742,8.9e-05,0
316.80749,0.025511,-1.7093905811623247
319.68756,0.025877,-1.6620310781893004
322.56763,0.029225,-1.6002816921221865
325.44769,0.038874,-1.5982693766768579
328.32776,0.036464,-1.4152683922587705
331.20783,0.010005,-1.3008990500252653
334.0879,0.000622,-1.2091422794117648
336.96797,0.0,0
339.84803,0.0,0
342.7281,0.0,0
345.60817,0.0,0
348.48824,0.0,0
351.36831,0.0,0
354.24837,0.0,0
357.12844,0.0,0
360.00851,0.0,0
362.88858,0.0,0
365.76865,0.0,0
368.64871,0.0,0
371.52878,0.0,0
374.40885,0.0,0
377.28892,0.0,0
380.16899,0.0,0
383.04906,0.0,0
385.92912,0.0,0
388.80919,0.0,0
391.68926,0.0,0
394.56933,0.0,0
397.4494,0.0,0
400.32946,0.0,0
403.20953,0.0,0
406.0896,0.0,0
408.96967,0.0,0
411.84974,0.0,0
414.7298,0.0,0
417.60987,0.0,0
420.48994,0.0,0
423.37001,0.0,0
426.25008,0.0,0
429.13014,0.0,0
432.01021,0.0,0
434.89028,0.0,0
437.77035,0.0,0
440.65042,0.0,0
443.53048,0.0,0
446.41055,0.0,0
449.29062,0.0,0
452.17069,0.0,0
455.05076,0.0,0
457.93083,0.0,0
460.81089,0.0,0
463.69096,0.0,0
466.57103,1e-05,0
469.4511,0.00084,3.2452346153846157
472.33117,0.0024,3.2376602484472046
475.21123,0.004504,3.2407802238805967
478.0913,0.009432,3.2498852180936995
480.97137,0.013274,3.2644326242469877
483.85144,0.002874,3.270778405017921
486.73151,0.0,3.253144927536232
489.61157,0.0,0
492.49164,0.0,0
495.37171,0.005156,3.2488190972222224
498.25178,0.017057,3.255105209656925
501.13185,0.071951,3.316542330027404
504.01191,0.002914,3.22400144836272
506.89198,0.001857,3.2101318777292573
509.77205,0.001027,3.206261019736842
512.65212,4e-05,3.203536842105263
515.53219,0.0,0
518.41226,0.0,0
521.29232,0.0,0
524.17239,0.0,0
527.05246,0.0,0
529.93253,0.0,0
532.8126,0.0,0
535.69266,0.0,0
538.57273,0.0,0
541.4528,0.0,0
544.33287,0.0,0
547.21294,0.0,0
550.093,0.0,0
552.97307,0.0,0
555.85314,0.0,0
558.73321,0.0,0
561.61328,0.0,0
564.49334,0.0,0
567.37341,0.0,0
570.25348,0.0,0
573.13355,0.0,0
576.01362,0.0,0
578.89368,0.0,0
581.77375,0.0,0
584.65382,0.0,0
587.53389,0.0,0
590.41396,0.0,0
593.29403,0.0,0
596.17409,0.0,0
599.05416,0.0,0
601.93423,0.0,0
604.8143,0.0,0
607.69437,0.0,0
610.57443,0.0,0
613.4545,0.0,0
616.33457,0.0,0
619.21464,0.0,0
622.09471,0.0,0
624.97477,0.0,0
627.85484,0.0,0
630.73491,0.0,0
633.61498,0.0,0
636.49505,0.0,0
639.37511,0.0,0
642.25518,0.0,0
645.13525,0.0,0
648.01532,0.0,0
650.89539,0.0,0
653.77545,0.0,0
656.65552,0.0,0
659.53559,0.0,0
662.41566,0.0,0
665.29573,0.0,0
668.1758,0.0,0
671.05586,0.0,0
673.93593,0.0,0
676.816,0.0,0
679.69607,0.0,0
682.57614,0.0,0
685.4562,0.0,0
688.33627,0.0,0
691.21634,0.0,0
694.09641,0.0,0
696.97648,0.0,0
699.85654,0.0,0
702.73661,0.0,0
705.61668,0.0,0
708.49675,0.0,0
711.37682,0.0,0
714.25688,0.0,0
717.13695,0.0,0
720.01702,0.0,0
722.89709,0.0,0
725.77716,0.0,0
728.65723,0.0,0
731.53729,0.0,0
734.41736,0.0,0
737.29743,0.0,0
740.1775,0.0,0
743.05757,0.0,0
745.93763,0.0,0
748.8177,0.0,0
751.69777,0.0,0
754.57784,0.0,0
757.45791,0.0,0
760.33797,0.0,0
763.21804,0.0,0
766.09811,0.0,0
768.97818,0.0,0
771.85825,0.0,0
774.73831,0.0,0
777.61838,0.0,0
780.49845,0.0,0
783.37852,0.0,0
786.25859,0.0,0
789.13865,0.0,0
792.01872,0.0,0
794.89879,0.0,0
797.77886,0.0,0
800.65893,0.0,0
803.539,0.0,0
806.41906,0.0,0
809.29913,0.0,0
812.1792,0.0,0
815.05927,0.0,0
817.93934,0.0,0
820.8194,0.0,0
823.69947,0.0,0
826.57954,0.0,0
829.45961,0.0,0
832.33968,0.0,0
835.21974,0.0,0
838.09981,0.0,0
840.97988,0.0,0
843.85995,0.0,0
846.74002,0.0,0
849.62008,0.0,0
852.50015,0.0,0
855.38022,0.0,0
858.26029,0.0,0
861.14036,0.0,0
864.02043,0.0,0
866.90049,0.0,0
869.78056,0.0,0
872.66063,0.0,0
875.5407,0.0,0
878.42077,0.0,0
881.30083,0.0,0
884.1809,0.0,0
887.06097,0.0,0
889.94104,0.0,0
892.82111,0.0,0
895.70117,0.0,0
898.58124,0.0,0
901.46131,0.0,0
904.34138,0.0,0
907.22145,0.0,0
910.10151,0.0,0
912.98158,0.0,0
915.86165,0.0,0
918.74172,0.0,0
921.62179,0.0,0
924.50185,0.0,0
927.38192,0.0,0
930.26199,0.0,0
933.14206,0.0,0
936.02213,0.0,0
938.9022,0.0,0
941.78226,0.0,0
944.66233,0.0,0
947.5424,0.0,0
950.42247,0.0,0
953.30254,0.0,0
956.1826,0.0,0
959.06267,0.0,0
961.94274,0.0,0
964.82281,0.0,0
967.70288,0.0,0
970.58294,0.0,0
973.46301,0.0,0
976.34308,0.0,0
979.22315,0.0,0
982.10322,0.0,0
984.98328,0.0,0
987.86335,0.0,0
990.74342,0.0,0
993.62349,0.0,0
996.50356,0.0,0
999.38362,0.0,0
1002.26369,0.0,0
1005.14376,0.0,0
1008.02383,0.0,0
1010.9039,0.0,0
1013.78397,0.0,0
1016.66403,0.0,0
1019.5441,0.0,0
1022.42417,0.0,0
1025.30424,0.0,0
1028.18431,0.0,0
1031.06437,0.0,0
1033.94444,0.0,0
1036.82451,0.0,0
1039.70458,0.0,0
1042.58465,0.0,0
1045.46471,0.0,0
1048.34478,0.0,0
1051.22485,0.0,0
1054.10492,0.0,0
1056.98499,0.0,0
1059.86505,0.0,0
1062.74512,0.0,0
1065.62519,0.0,0
1068.50526,0.0,0
1071.38533,0.0,0
1074.2654,0.0,0
1077.14546,0.0,0
1080.02553,0.0,0
1082.9056,0.0,0
1085.78567,0.0,0
1088.66574,0.0,0
1091.5458,0.0,0
1094.42587,0.0,0
1097.30594,0.0,0
1100.18601,0.0,0
1103.06608,0.0,0
1105.94614,0.0,0
1108.82621,0.0,0
1111.70628,0.0,0
1114.58635,0.0,0
1117.46642,0.0,0
1120.34648,0.0,0
1123.22655,0.0,0
1126.10662,0.0,0
1128.98669,0.0,0
1131.86676,0.0,0
1134.74682,0.0,0
1137.62689,0.0,0
1140.50696,0.0,0
1143.38703,0.0,0
1146.2671,0.0,0
1149.14717,0.0,0
1152.02723,0.0,0
1154.9073,0.0,0
1157.78737,0.0,0
1160.66744,0.0,0
1163.54751,0.0,0
1166.42757,0.0,0
1169.30764,0.0,0
1172.18771,0.0,0
1175.06778,0.0,0
1177.94785,0.0,0
1180.82791,0.0,0
1183.70798,0.0,0
1186.58805,0.0,0
1189.46812,0.0,0
1192.34819,0.0,0
1195.22825,0.0,0
1198.10832,0.0,0
1200.98839,0.0,0
1203.86846,0.0,0
1206.74853,0.0,0
1209.6286,0.0,0
1212.50866,0.0,0
1215.38873,0.0,0
1218.2688,0.0,0
1221.14887,0.0,0
1224.02894,0.0,0
1226.909,0.0,0
1229.78907,0.0,0
1232.66914,0.0,0
1235.54921,0.0,0
1238.42928,0.0,0
1241.30934,0.0,0
1244.18941,0.0,0
1247.06948,0.0,0
1249.94955,0.0,0
1252.82962,0.0,0
1255.70968,0.0,0
1258.58975,0.0,0
1261.46982,0.0,0
1264.34989,0.0,0
1267.22996,0.0,0
1270.11002,0.0,0
1272.99009,0.0,0
1275.87016,0.0,0
1278.75023,0.0,0
1281.6303,0.0,0
1284.51037,0.0,0
1287.39043,0.0,0
1290.2705,0.0,0
1293.15057,0.0,0
1296.03064,0.0,0
1298.91071,0.0,0
1301.79077,0.0,0
1304.67084,0.0,0
1307.55091,0.0,0
1310.43098,0.0,0
1313.31105,0.0,0
1316.19111,0.0,0
1319.07118,0.0,0
1321.95125,0.0,0
1324.83132,0.0,0
1327.71139,0.0,0
1330.59145,0.0,0
1333.47152,0.0,0
1336.35159,0.0,0
1339.23166,0.0,0
1342.11173,0.0,0
1344.99179,0.0,0
1347.87186,0.0,0
1350.75193,0.0,0
1353.632,0.0,0
1356.51207,0.0,0
1359.39214,0.0,0
1362.2722,0.0,0
1365.15227,0.0,0
1368.03234,0.0,0
1370.91241,0.0,0
1373.79248,0.0,0
1376.67254,0.0,0
1379.55261,0.0,0
1382.43268,0.0,0
1385.31275,0.0,0
1388.19282,0.0,0
1391.07288,0.0,0
1393.95295,0.0,0
1396.83302,0.0,0
1399.71309,0.0,0
1402.59316,0.0,0
1405.47322,0.0,0
1408.35329,0.0,0
1411.23336,0.0,0
1414.11343,0.0,0
1416.9935,0.0,0
1419.87357,0.0,0
1422.75363,0.0,0
1425.6337,0.0,0
1428.51377,0.0,0
1431.39384,0.0,0
1434.27391,0.0,0
