 -.47965412E+03  
 -.42114551E+03  
 -.42112796E+03  
 -.48304892E+03  
 -.46801774E+03  
 -.42670123E+03  
 -.47945375E+03  
 -.46917346E+03  
 -.47377026E+03  
 -.47379084E+03  
 -.41857976E+03  
 -.47944595E+03  
 -.45145338E+03  
 -.44125352E+03  
 -.44123930E+03  
 -.44281864E+03  
 -.44944738E+03  
 -.44368336E+03  
 -.47943908E+03  
 -.41856797E+03  
 -.46092558E+03  
 -.47966132E+03  
 -.45143362E+03  
 -.45142778E+03  
 -.45144480E+03  
 -.45146938E+03  
 -.45143385E+03  
 -.45144126E+03  
 -.45144241E+03  
 -.44368952E+03  
 -.47946993E+03  
 -.47958560E+03  
 -.45143963E+03  
 -.45144896E+03  
 -.45146240E+03  
 -.45144917E+03  
 -.45142611E+03  
 -.42067537E+03  
 -.41553233E+03  
 -.45145808E+03  
 -.42507280E+03  
 -.41394578E+03  
 -.41024432E+03  
 -.43708182E+03  
 -.45144909E+03  
 -.45143441E+03  
 -.45144086E+03  
 -.47413561E+03  
 -.41553825E+03  
 -.44193826E+03  
 -.45145094E+03  
 -.43249908E+03  
 -.42407767E+03  
 -.43217381E+03  
 -.42059856E+03  
 -.44996617E+03  
 -.45000109E+03  
 -.43494308E+03  
 -.40000000E+03  
 -.44944455E+03  
 -.40000000E+03  
 -.42413260E+03  
 -.44123095E+03  
 -.40000000E+03  
 -.40000000E+03  
 -.44986936E+03  
 -.45396373E+03  
 -.42335285E+03  
 -.40000000E+03  
 -.40000000E+03  
 -.40000000E+03  
 -.45060289E+03  
 -.41176554E+03  
 -.44649451E+03  
 -.42388296E+03  
 -.42389189E+03  
 -.40000000E+03  
 -.42668693E+03  
 -.42867734E+03  
 -.42857114E+03  
 -.42859615E+03  
 -.41456384E+03  
 -.41961419E+03  
 -.42666967E+03  
 -.44065943E+03  
 -.40000000E+03  
 -.40000000E+03  
 -.40000000E+03  
 -.42113404E+03  
 -.44367381E+03  
 -.44366379E+03  
 -.44124985E+03  
 -.42351907E+03  
 -.42488043E+03  
 -.44368073E+03  
 -.42390985E+03  
 -.43256998E+03  
 -.44563469E+03  
 -.42114790E+03  
 -.47963005E+03  
 -.42112974E+03  
 -.42886805E+03  
 -.40000000E+03  
 -.40000000E+03  
 -.42578800E+03  
 -.44366559E+03  
 -.41857691E+03  
 -.47376708E+03  
 -.44713156E+03  
 -.47945550E+03  
 -.44367027E+03  
 -.45143857E+03  
 -.43711067E+03  
 -.43707281E+03  
 -.44432966E+03  
 -.47962135E+03  
 -.45145876E+03  
 -.47945622E+03  
 -.47963732E+03  
 -.47947124E+03  
 -.47963550E+03  
 -.45145092E+03  
 -.45145613E+03  
 -.45143582E+03  
 -.45140829E+03  
 -.45145354E+03  
 -.45146250E+03  
 -.45143441E+03  
 -.45145282E+03  
 -.44367949E+03  
 -.42351221E+03  
 -.45142647E+03  
 -.45143927E+03  
 -.45144271E+03  
 -.45144779E+03  
 -.45143214E+03  
 -.42067488E+03  
 -.41555402E+03  
 -.45144351E+03  
 -.43713158E+03  
 -.42390241E+03  
 -.42390400E+03  
 -.45143525E+03  
 -.45145017E+03  
 -.47411892E+03  
 -.42066986E+03  
 -.42067033E+03  
 -.42066568E+03  
 -.42067866E+03  
 -.45145973E+03  
 -.47817490E+03  
 -.44621628E+03  
 -.48303938E+03  
 -.45144634E+03  
 -.44986512E+03  
 -.43712021E+03  
 -.45187969E+03  
 -.42067404E+03  
 -.40000000E+03  
 -.40000000E+03  
 -.44992058E+03  
 -.44983392E+03  
 -.44999899E+03  
 -.40000000E+03  
 -.45001354E+03  
 -.40000000E+03  
 -.45159818E+03  
 -.40000000E+03  
 -.40000000E+03  
 -.40000000E+03  
 -.44996173E+03  
 -.48216537E+03  
 -.45470386E+03  
 -.44855170E+03  
 -.47407640E+03  
 -.42663252E+03  
 -.42859991E+03  
 -.42866131E+03  
 -.47953488E+03  
 -.42865341E+03  
 -.42112762E+03  
 -.41961783E+03  
 -.42863304E+03  
 -.44006154E+03  
 -.44250624E+03  
 -.40000000E+03  
 -.42677455E+03  
 -.47963009E+03  
 -.47943367E+03  
 -.47950600E+03  
 -.44124010E+03  
 -.42345939E+03  
 -.42491557E+03  
 -.47949865E+03  
 -.42111435E+03  
 -.45067889E+03  
 -.44727728E+03  
 -.47954266E+03  
 -.44367026E+03  
 -.42889215E+03  
 -.48303287E+03  
 -.40000000E+03  
 -.45071314E+03  
 -.45109718E+03  
 -.44365275E+03  
 -.47964077E+03  
 -.41857729E+03  
 -.41857997E+03  
 -.47946805E+03  
 -.44369037E+03  
 -.45142573E+03  
 -.42887833E+03  
 -.42890309E+03  
 -.45062043E+03  
 -.44623722E+03  
 -.45144781E+03  
 -.47955056E+03  
 -.47954432E+03  
 -.47962973E+03  
 -.44367020E+03  
 -.45145127E+03  
 -.45144399E+03  
 -.45142566E+03  
 -.45144585E+03  
 -.44125681E+03  
 -.44125524E+03  
 -.45143305E+03  
 -.45145396E+03  
 -.45143549E+03  
 -.43711356E+03  
 -.45145679E+03  
 -.45143319E+03  
 -.45145039E+03  
 -.43708889E+03  
 -.43707132E+03  
 -.41554975E+03  
 -.41552350E+03  
 -.45144656E+03  
 -.45145007E+03  
 -.43708800E+03  
 -.43708651E+03  
 -.45143407E+03  
 -.44123349E+03  
 -.42067571E+03  
 -.42069835E+03  
 -.42068627E+03  
 -.42072423E+03  
 -.42062842E+03  
 -.47384277E+03  
 -.44125236E+03  
 -.43708818E+03  
 -.43986178E+03  
 -.44123504E+03  
 -.40000000E+03  
 -.44207338E+03  
 -.44382390E+03  
 -.41645806E+03  
 -.40000000E+03  
 -.44801951E+03  
 -.40000000E+03  
 -.44986839E+03  
 -.44993889E+03  
 -.44992647E+03  
 -.45002545E+03  
 -.43922832E+03  
 -.40000000E+03  
 -.40000000E+03  
 -.42489273E+03  
 -.40000000E+03  
 -.41963597E+03  
 -.40000000E+03  
 -.40673177E+03  
 -.41398614E+03  
 -.40000000E+03  
 -.40000000E+03  
 -.42296384E+03  
 -.42123543E+03  
 -.42119056E+03  
 -.43707023E+03  
 -.43114037E+03  
 -.45030256E+03  
 -.42867038E+03  
 -.42867311E+03  
 -.42665574E+03  
 -.40000000E+03  
 -.42859721E+03  
 -.47958918E+03  
 -.47944352E+03  
 -.42107684E+03  
 -.42348666E+03  
 -.42350620E+03  
 -.44526558E+03  
 -.47949541E+03  
 -.47946202E+03  
 -.42111183E+03  
 -.42069675E+03  
 -.47962414E+03  
 -.44366083E+03 
 -.44086822E+03 
 -.48297012E+03 
 -.40000000E+03 
 -.40000000E+03 
 -.40000000E+03 
 -.44367018E+03 
 -.47959347E+03 
 -.47957246E+03 
 -.41856812E+03 
 -.47945165E+03 
 -.45145090E+03 
 -.45142768E+03 
 -.42890328E+03 
 -.42888193E+03 
 -.40000000E+03 
 -.40000000E+03 
 -.45146359E+03 
 -.44366312E+03 
 -.47945709E+03 
 -.42350028E+03 
 -.44367532E+03 
 -.45144283E+03 
 -.45145385E+03 
 -.44124256E+03 
 -.44124020E+03 
 -.44122914E+03 
 -.45023545E+03 
 -.45144883E+03 
 -.45146079E+03 
 -.44123948E+03 
 -.44123965E+03 
 -.45142670E+03 
 -.45143771E+03 
 -.43707630E+03 
 -.43709137E+03 
 -.43709220E+03 
 -.44124054E+03 
 -.45296698E+03 
 -.43709329E+03 
 -.44122181E+03 
 -.44124113E+03 
 -.43710541E+03 
 -.45141700E+03 
 -.44124069E+03 
 -.42069392E+03 
 -.42068347E+03 
 -.42071849E+03 
 -.42067139E+03 
 -.41551788E+03 
 -.42067010E+03 
 -.44125227E+03 
 -.44120741E+03 
 -.43708292E+03 
 -.44123966E+03 
 -.40000000E+03 
 -.40000000E+03 
 -.41874935E+03 
 -.41387526E+03 
 -.41391456E+03 
 -.42069085E+03 
 -.40000000E+03 
 -.44993935E+03 
 -.44983914E+03 
 -.45001895E+03 
 -.42492577E+03 
 -.40000000E+03 
 -.43932642E+03 
 -.40000000E+03 
 -.40000000E+03 
 -.41960467E+03 
 -.41961246E+03 
 -.48217358E+03 
 -.40000000E+03 
 -.42403283E+03 
 -.45412117E+03 
 -.40000000E+03 
 -.42861713E+03 
 -.42128601E+03 
 -.42349470E+03 
 -.41615633E+03 
 -.41616169E+03 
 -.44519736E+03 
 -.42127510E+03 
 -.42868288E+03 
 -.42863641E+03 
 -.42861407E+03 
 -.42859027E+03 
 -.47959248E+03 
 -.41179670E+03 
 -.43057248E+03 
 -.42350144E+03 
 -.42492091E+03 
 -.44806558E+03 
 -.41857794E+03 
 -.47950472E+03 
 -.42977273E+03 
 -.41703535E+03 
 -.47964721E+03 
 -.44124513E+03  
 -.44122887E+03  
 -.44126269E+03  
 -.44124131E+03  
 -.44125312E+03  
 -.44125094E+03  
 -.43710710E+03  
 -.44123764E+03  
 -.44123836E+03  
 -.43712149E+03  
 -.43710868E+03  
 -.43709983E+03  
 -.43713593E+03  
 -.43708593E+03  
 -.43707610E+03  
 -.44123521E+03  
 -.44124125E+03  
 -.44123932E+03  
 -.43709901E+03  
 -.42070782E+03  
 -.42065908E+03  
 -.42065157E+03  
 -.42063445E+03  
 -.42067592E+03  
 -.44124013E+03  
 -.44121511E+03  
 -.44124696E+03  
 -.44123744E+03  
 -.41773414E+03  
 -.45119597E+03  
 -.44421815E+03  
 -.41955808E+03  
 -.39496892E+03  
 -.41032972E+03  
 -.41887236E+03  
 -.44995407E+03  
 -.44623877E+03  
 -.40074512E+03  
 -.40074512E+03  
 -.41961936E+03  
 -.41961936E+03  
 -.44637293E+03  
-.400E+03  
 -.42287368E+03  
 -.42396475E+03  
 -.39393204E+03  
 -.44432621E+03  
 -.42351730E+03  
 -.41612319E+03  
 -.41613914E+03  
 -.42122885E+03  
 -.42862904E+03  
 -.42864667E+03  
 -.42858997E+03  
 -.42298993E+03  
 -.47962481E+03  
 -.41182430E+03  
 -.40238196E+03  
 -.42350413E+03  
 -.41184282E+03  
 -.41857287E+03  
 -.45143970E+03  
 -.47376895E+03  
 -.47963122E+03  
 -.43709666E+03  
 -.44121777E+03  
 -.44124743E+03  
 -.43708235E+03  
 -.44125252E+03  
 -.43710561E+03  
 -.43711171E+03  
 -.43709058E+03  
 -.43708460E+03  
 -.43707507E+03  
 -.43708693E+03  
 -.43709039E+03  
 -.44121971E+03  
 -.43710911E+03  
 -.43708152E+03  
 -.43707369E+03  
 -.43711828E+03  
 -.43710704E+03  
 -.42071816E+03  
 -.42068505E+03  
 -.42067845E+03  
 -.43707783E+03  
 -.42071290E+03  
 -.42071290E+03  
 -.42071313E+03  
 -.42072815E+03  
 -.42070595E+03  
 -.42073473E+03  
 -.42069380E+03  
 -.42066344E+03  
 -.42071366E+03  
 -.42070346E+03  
 -.40000000E+03  
 -.42950054E+03  
 -.40543010E+03  
 -.44601609E+03  
 -.43904428E+03  
 -.41443287E+03  
 -.43407955E+03  
 -.42113293E+03  
 -.41442690E+03  
 -.44618390E+03  
 -.41018814E+03  
 -.41018814E+03  
 -.45105916E+03  
 -.42666291E+03  
 -.41615397E+03  
 -.42117268E+03  
 -.42112260E+03  
 -.41182902E+03  
 -.42124024E+03  
 -.47415833E+03  
 -.47415833E+03  
 -.42666565E+03  
 -.47408556E+03  
 -.40287157E+03  
 -.46448299E+03  
 -.43716437E+03  
 -.41183883E+03  
 -.47416690E+03  
 -.46187218E+03  
 -.41857135E+03  
 -.47408765E+03  
 -.43707869E+03  
 -.41824403E+03  
 -.41826896E+03  
 -.48306709E+03  
 -.40000000E+03  
 -.41807271E+03  
 -.43710826E+03  
 -.43707996E+03  
 -.43707070E+03  
 -.43708639E+03  
 -.43710146E+03  
 -.41639611E+03  
 -.41960986E+03  
 -.41959752E+03  
 -.43706833E+03  
 -.43708060E+03  
 -.43708040E+03  
 -.43711171E+03  
 -.43708834E+03  
 -.43704936E+03  
 -.44619504E+03  
 -.42288450E+03  
 -.41960386E+03  
 -.41637916E+03  
 -.42069025E+03  
 -.42070369E+03  
 -.42072240E+03  
 -.43708307E+03  
 -.42069280E+03  
 -.44317813E+03  
 -.45322668E+03  
 -.42281570E+03  
 -.44643310E+03  
 -.42073158E+03  
 -.42074439E+03  
 -.42075515E+03  
 -.42069377E+03  
 -.42110985E+03  
 -.39553589E+03  
 -.44047415E+03  
 -.45012785E+03  
 -.45275452E+03  
 -.42659284E+03  
 -.42663996E+03  
 -.43055644E+03  
 -.41450744E+03  
 -.41614922E+03  
 -.42110187E+03  
 -.41029292E+03  
 -.40727891E+03  
 -.42111152E+03  
 -.41183585E+03  
 -.41183324E+03  
 -.47407661E+03  
 -.43297072E+03  
 -.41822549E+03  
 -.42389317E+03  
 -.42494305E+03  
 -.42493987E+03  
 -.42426844E+03  
 -.49564757E+03  
 -.49563256E+03  
 -.41181812E+03  
 -.41286892E+03  
-.48303533E+03 
-.41961782E+03 
-.41959895E+03 
-.42663082E+03 
-.42491728E+03 
-.41959945E+03 
-.42491597E+03 
-.42490244E+03 
-.42489111E+03 
-.48300831E+03 
-.41995708E+03 
-.44884678E+03 
-.41962729E+03 
-.41962853E+03 
-.44248277E+03 
-.47976830E+03 
-.41638755E+03 
-.41639668E+03 
-.41028221E+03 
-.42286386E+03 
-.45289495E+03 
-.44671754E+03 
-.41962915E+03 
-.43735831E+03 
-.44647091E+03 
-.42868613E+03 
-.41639005E+03 
-.42284274E+03 
-.44237846E+03 
-.44697180E+03 
-.44574473E+03 
-.43699104E+03 
-.44643654E+03 
-.44280546E+03 
-.45233076E+03 
-.42069536E+03 
-.45299813E+03  
-.43824554E+03  
-.45296373E+03  
-.44799757E+03  
-.45344107E+03  
-.45050584E+03  
-.45231141E+03  
-.45231102E+03  
-.42746718E+03  
-.44145781E+03  
-.42284706E+03  
-.44281995E+03  
-.43822251E+03  
-.44798235E+03  
-.42284906E+03  
-.42491812E+03  
-.42317292E+03  
-.43981454E+03  
-.42492558E+03  
-.42673540E+03  
-.43586907E+03  
-.44116382E+03  
-.44239167E+03  
-.42287837E+03  
-.40576229E+03  
-.40576229E+03  
-.41291009E+03  
-.40655075E+03  
 -.45163914E+03 
 -.41961181E+03 
 -.41961065E+03 
 -.44818145E+03 
 -.44439972E+03 
 -.41962322E+03 
 -.48303922E+03 
 -.46834989E+03 
 -.43609938E+03 
 -.48302748E+03 
 -.45205049E+03 
 -.45286665E+03 
 -.42285953E+03 
 -.41960083E+03 
 -.44804749E+03 
 -.44262741E+03 
 -.44190194E+03 
 -.41028835E+03 
 -.44778535E+03 
 -.44763493E+03 
 -.44937183E+03 
 -.45333141E+03 
 -.44755115E+03 
 -.42207799E+03 
 -.44805526E+03 
 -.44609856E+03 
 -.42291034E+03 
 -.45213619E+03 
 -.43716346E+03 
 -.44036762E+03 
 -.44247069E+03 
 -.45133581E+03 
 -.44958051E+03 
 -.45170958E+03 
 -.44265613E+03 
 -.43848687E+03 
 -.43832923E+03 
 -.42491103E+03 
 -.43710581E+03 
 -.43715552E+03 
 -.43721465E+03 
 -.43715421E+03 
 -.43692558E+03 
 -.42290913E+03 
 -.42492161E+03 
 -.43716893E+03 
 -.42288445E+03 
 -.43717886E+03 
 -.43717657E+03 
 -.44081573E+03 
 -.44657134E+03 
 -.42667663E+03 
 -.42659668E+03 
 -.42660898E+03 
 -.42494423E+03 
 -.42663617E+03 
 -.42490394E+03 
 -.42285728E+03 
 -.44502815E+03 
 -.42675793E+03 
 -.42665220E+03 
 -.42665220E+03 
 -.42655414E+03 
 -.42665669E+03 