1       0.00000000       0.00000000       0.00000000 
2       0.16666667       0.00000000      -0.00000000 
3       0.33333333       0.00000000      -0.00000000 
4       0.50000000       0.00000000      -0.00000000 
5       0.16666667       0.16666667      -0.00000000 
6       0.33333333       0.16666667      -0.00000000 
7       0.50000000       0.16666667      -0.00000000 
8      -0.33333333       0.16666667       0.00000000 
9      -0.16666667       0.16666667      -0.00000000 
10       0.33333333       0.33333333      -0.00000000 
11       0.50000000       0.33333333      -0.00000000 
12      -0.33333333       0.33333333       0.00000000 
13       0.50000000       0.50000000      -0.00000000 
14      -0.00000000      -0.00000000       0.16666667 
15       0.16666667       0.00000000       0.16666667 
16       0.33333333      -0.00000000       0.16666667 
17       0.50000000      -0.00000000       0.16666667 
18      -0.33333333      -0.00000000       0.16666667 
19      -0.16666667      -0.00000000       0.16666667 
20       0.16666667       0.16666667       0.16666667 
21       0.33333333       0.16666667       0.16666667 
22       0.50000000       0.16666667       0.16666667 
23      -0.33333333       0.16666667       0.16666667 
24      -0.16666667       0.16666667       0.16666667 
25       0.16666667       0.33333333       0.16666667 
26       0.33333333       0.33333333       0.16666667 
27       0.50000000       0.33333333       0.16666667 
28      -0.33333333       0.33333333       0.16666667 
29       0.16666667       0.50000000       0.16666667 
30       0.33333333       0.50000000       0.16666667 
31       0.50000000       0.50000000       0.16666667 
32       0.16666667      -0.33333333       0.16666667 
33       0.33333333      -0.33333333       0.16666667 
34       0.16666667      -0.16666667       0.16666667 
35      -0.00000000      -0.00000000       0.33333333 
36       0.16666667      -0.00000000       0.33333333 
37       0.33333333      -0.00000000       0.33333333 
38       0.50000000      -0.00000000       0.33333333 
39      -0.33333333      -0.00000000       0.33333333 
40      -0.16666667       0.00000000       0.33333333 
41       0.16666667       0.16666667       0.33333333 
42       0.33333333       0.16666667       0.33333333 
43       0.50000000       0.16666667       0.33333333 
44      -0.33333333       0.16666667       0.33333333 
45      -0.16666667       0.16666667       0.33333333 
46       0.16666667       0.33333333       0.33333333 
47       0.33333333       0.33333333       0.33333333 
48       0.50000000       0.33333333       0.33333333 
49      -0.33333333       0.33333333       0.33333333 
50       0.16666667       0.50000000       0.33333333 
51       0.33333333       0.50000000       0.33333333 
52       0.50000000       0.50000000       0.33333333 
53       0.16666667      -0.33333333       0.33333333 
54       0.33333333      -0.33333333       0.33333333 
55       0.16666667      -0.16666667       0.33333333 
56      -0.00000000       0.00000000       0.50000000 
57       0.16666667       0.00000000       0.50000000 
58       0.33333333      -0.00000000       0.50000000 
59       0.50000000      -0.00000000       0.50000000 
60       0.16666667       0.16666667       0.50000000 
61       0.33333333       0.16666667       0.50000000 
62       0.50000000       0.16666667       0.50000000 
63      -0.33333333       0.16666667       0.50000000 
64      -0.16666667       0.16666667       0.50000000 
65       0.33333333       0.33333333       0.50000000 
66       0.50000000       0.33333333       0.50000000 
67      -0.33333333       0.33333333       0.50000000 
68       0.50000000       0.50000000       0.50000000 
