10 10 1 2
#\By Celeste Young
0 0 0 0 1
0 0 1 1 2
0 1 0 0 3
0 1 1 1 4
0 2 0 0 5
0 2 1 1 6
0 3 0 0 7
0 3 1 1 8
0 4 0 0 9
0 4 1 1 10
0 5 0 0 11
0 5 1 1 12
0 6 0 0 13
0 6 1 1 14
0 7 0 0 15
0 7 1 1 16
0 8 0 0 17
0 8 1 1 18
0 9 0 0 19
0 9 1 1 20
1 0 0 0 21
1 0 1 1 22
1 1 0 0 23
1 1 1 1 24
1 2 0 0 25
1 2 1 1 26
1 3 0 0 27
1 3 1 1 28
1 4 0 0 29
1 4 1 1 30
1 5 0 0 31
1 5 1 1 32
1 6 0 0 33
1 6 1 1 34
1 7 0 0 35
1 7 1 1 36
1 8 0 0 37
1 8 1 1 38
1 9 0 0 39
1 9 1 1 40
2 0 0 0 41
2 0 1 1 42
2 1 0 0 43
2 1 1 1 44
2 2 0 0 45
2 2 1 1 46
2 3 0 0 47
2 3 1 1 48
2 4 0 0 49
2 4 1 1 50
2 5 0 0 51
2 5 1 1 52
2 6 0 0 53
2 6 1 1 54
2 7 0 0 55
2 7 1 1 56
2 8 0 0 57
2 8 1 1 58
2 9 0 0 59
2 9 1 1 60
3 0 0 0 61
3 0 1 1 62
3 1 0 0 63
3 1 1 1 64
3 2 0 0 65
3 2 1 1 66
3 3 0 0 67
3 3 1 1 68
3 4 0 0 69
3 4 1 1 70
3 5 0 0 71
3 5 1 1 72
3 6 0 0 73
3 6 1 1 74
3 7 0 0 75
3 7 1 1 76
3 8 0 0 77
3 8 1 1 78
3 9 0 0 79
3 9 1 1 80
4 0 0 0 81
4 0 1 1 82
4 1 0 0 83
4 1 1 1 84
4 2 0 0 85
4 2 1 1 86
4 3 0 0 87
4 3 1 1 88
4 4 0 0 89
4 4 1 1 90
4 5 0 0 91
4 5 1 1 92
4 6 0 0 93
4 6 1 1 94
4 7 0 0 95
4 7 1 1 96
4 8 0 0 97
4 8 1 1 98
4 9 0 0 99
4 9 1 1 100
5 0 0 0 101
5 0 1 1 102
5 1 0 0 103
5 1 1 1 104
5 2 0 0 105
5 2 1 1 106
5 3 0 0 107
5 3 1 1 108
5 4 0 0 109
5 4 1 1 110
5 5 0 0 111
5 5 1 1 112
5 6 0 0 113
5 6 1 1 114
5 7 0 0 115
5 7 1 1 116
5 8 0 0 117
5 8 1 1 118
5 9 0 0 119
5 9 1 1 120
6 0 0 0 121
6 0 1 1 122
6 1 0 0 123
6 1 1 1 124
6 2 0 0 125
6 2 1 1 126
6 3 0 0 127
6 3 1 1 128
6 4 0 0 129
6 4 1 1 130
6 5 0 0 131
6 5 1 1 132
6 6 0 0 133
6 6 1 1 134
6 7 0 0 135
6 7 1 1 136
6 8 0 0 137
6 8 1 1 138
6 9 0 0 139
6 9 1 1 140
7 0 0 0 141
7 0 1 1 142
7 1 0 0 143
7 1 1 1 144
7 2 0 0 145
7 2 1 1 146
7 3 0 0 147
7 3 1 1 148
7 4 0 0 149
7 4 1 1 150
7 5 0 0 151
7 5 1 1 152
7 6 0 0 153
7 6 1 1 154
7 7 0 0 155
7 7 1 1 156
7 8 0 0 157
7 8 1 1 158
7 9 0 0 159
7 9 1 1 160
8 0 0 0 161
8 0 1 1 162
8 1 0 0 163
8 1 1 1 164
8 2 0 0 165
8 2 1 1 166
8 3 0 0 167
8 3 1 1 168
8 4 0 0 169
8 4 1 1 170
8 5 0 0 171
8 5 1 1 172
8 6 0 0 173
8 6 1 1 174
8 7 0 0 175
8 7 1 1 176
8 8 0 0 177
8 8 1 1 178
8 9 0 0 179
8 9 1 1 180
9 0 0 0 181
9 0 1 1 182
9 1 0 0 183
9 1 1 1 184
9 2 0 0 185
9 2 1 1 186
9 3 0 0 187
9 3 1 1 188
9 4 0 0 189
9 4 1 1 190
9 5 0 0 191
9 5 1 1 192
9 6 0 0 193
9 6 1 1 194
9 7 0 0 195
9 7 1 1 196
9 8 0 0 197
9 8 1 1 198
9 9 0 0 199
9 9 1 1 200
