-26.655   0.000   0.000
-26.541   0.000   0.000
-26.426   0.000   0.000
-26.312   0.000   0.000
-26.198   0.000   0.000
-26.084   0.000   0.000
-25.969   0.000   0.000
-25.855   0.000   0.000
-25.741   0.000   0.000
-25.627   0.000   0.000
-25.512   0.000   0.000
-25.398   0.000   0.000
-25.284   0.000   0.000
-25.170   0.000   0.000
-25.055   0.000   0.000
-24.941   0.000   0.000
-24.827   0.000   0.000
-24.713   0.000   0.000
-24.598   0.000   0.000
-24.484   0.001   0.000
-24.370   0.001   0.000
-24.256   0.001   0.000
-24.141   0.001   0.000
-24.027   0.001   0.000
-23.913   0.002   0.000
-23.799   0.002   0.000
-23.684   0.002   0.000
-23.570   0.002   0.000
-23.456   0.002   0.000
-23.342   0.002   0.000
-23.227   0.001   0.000
-23.113   0.000   0.000
-22.999   0.000   0.000
-22.885   0.000   0.000
-22.770   0.000   0.000
-22.656   0.000   0.000
-22.542   0.000   0.000
-22.428   0.000   0.000
-22.313   0.000   0.000
-22.199   0.000   0.000
-22.085   0.000   0.000
-21.971   0.000   0.000
-21.856   0.000   0.000
-21.742   0.000   0.000
-21.628   0.000   0.000
-21.514   0.000   0.000
-21.399   0.000   0.000
-21.285   0.000   0.000
-21.171   0.000   0.000
-21.056   0.000   0.000
-20.942   0.000   0.000
-20.828   0.000   0.000
-20.714   0.000   0.000
-20.599   0.000   0.000
-20.485   0.000   0.000
-20.371   0.000   0.000
-20.257   0.000   0.000
-20.142   0.000   0.000
-20.028   0.000   0.000
-19.914   0.000   0.000
-19.800   0.000   0.000
-19.686   0.000   0.000
-19.571   0.000   0.000
-19.457   0.000   0.000
-19.343   0.000   0.000
-19.228   0.000   0.000
-19.114   0.000   0.000
-19.000   0.000   0.000
-18.886   0.000   0.000
-18.771   0.000   0.000
-18.657   0.000   0.000
-18.543   0.000   0.000
-18.429   0.000   0.000
-18.314   0.000   0.000
-18.200   0.000   0.000
-18.086   0.000   0.000
-17.972   0.000   0.000
-17.857   0.000   0.000
-17.743   0.000   0.000
-17.629   0.000   0.000
-17.515   0.000   0.000
-17.400   0.000   0.000
-17.286   0.000   0.000
-17.172   0.000   0.000
-17.058   0.000   0.000
-16.943   0.000   0.000
-16.829   0.000   0.000
-16.715   0.000   0.000
-16.601   0.000   0.000
-16.486   0.000   0.000
-16.372   0.000   0.000
-16.258   0.000   0.000
-16.144   0.000   0.000
-16.029   0.000   0.000
-15.915   0.000   0.000
-15.801   0.000   0.000
-15.687   0.000   0.000
-15.572   0.000   0.000
-15.458   0.000   0.000
-15.344   0.000   0.000
-15.229   0.000   0.000
-15.115   0.000   0.000
-15.001   0.000   0.000
-14.887   0.000   0.000
-14.773   0.000   0.000
-14.658   0.000   0.000
-14.544   0.000   0.000
-14.430   0.000   0.000
-14.316   0.000   0.000
-14.201   0.000   0.000
-14.087   0.000   0.000
-13.973   0.000   0.000
-13.858   0.000   0.000
-13.744   0.000   0.000
-13.630   0.000   0.000
-13.516   0.000   0.000
-13.402   0.000   0.000
-13.287   0.000   0.000
-13.173   0.000   0.000
-13.059   0.000   0.000
-12.944   0.000   0.000
-12.830   0.000   0.000
-12.716   0.000   0.000
-12.602   0.000   0.000
-12.488   0.000   0.000
-12.373   0.000   0.000
-12.259   0.000   0.000
-12.145   0.000   0.000
-12.030   0.000   0.000
-11.916   0.000   0.000
-11.802   0.000   0.000
-11.688   0.001   0.000
-11.573   0.002   0.000
-11.459   0.003   0.001
-11.345   0.004   0.001
-11.231   0.005   0.001
-11.116   0.006   0.001
-11.002   0.008   0.002
-10.888   0.011   0.002
-10.774   0.013   0.002
-10.659   0.015   0.003
-10.545   0.018   0.003
-10.431   0.020   0.003
-10.317   0.023   0.004
-10.202   0.034   0.005
-10.088   0.045   0.005
 -9.974   0.057   0.006
 -9.860   0.073   0.007
 -9.745   0.095   0.008
 -9.631   0.118   0.009
 -9.517   0.144   0.011
 -9.403   0.184   0.013
 -9.288   0.876   0.041
 -9.174   0.534   0.025
 -9.060   0.270   0.013
 -8.946   0.263   0.013
 -8.831   0.253   0.012
 -8.717   0.240   0.011
 -8.603   0.105   0.005
 -8.489   0.216   0.005
 -8.374   0.344   0.007
 -8.260   0.481   0.010
 -8.146   0.984   0.021
 -8.031   0.636   0.015
 -7.917   0.536   0.013
 -7.803   1.145   0.029
 -7.689   0.009   0.001
 -7.574   0.024   0.001
 -7.460   0.038   0.002
 -7.346   0.052   0.003
 -7.232   0.066   0.003
 -7.117   0.081   0.004
 -7.003   0.103   0.006
 -6.889   0.127   0.007
 -6.775   0.154   0.009
 -6.660   0.181   0.011
 -6.546   0.359   0.017
 -6.432   0.400   0.019
 -6.318   0.426   0.021
 -6.203   0.808   0.031
 -6.089   0.657   0.036
 -5.975   0.046   0.009
 -5.861   0.043   0.008
 -5.746   0.385   0.018
 -5.632   0.554   0.023
 -5.518   0.610   0.024
 -5.404   0.721   0.026
 -5.289   0.705   0.030
 -5.175   0.855   0.042
 -5.061   0.859   0.050
 -4.947   0.640   0.051
 -4.832   0.368   0.046
 -4.718   0.883   0.094
 -4.604   0.758   0.115
 -4.490   0.393   0.146
 -4.375   0.565   0.212
 -4.261   1.452   0.552
 -4.147   1.868   0.559
 -4.033   0.195   0.472
 -3.918   0.124   0.551
 -3.804   1.095   0.537
 -3.690   0.320   0.556
 -3.576   0.164   0.473
 -3.461   0.099   0.675
 -3.347   0.114   0.667
 -3.233   0.116   0.506
 -3.119   0.143   0.502
 -3.004   0.053   0.298
 -2.890   0.121   0.535
 -2.776   0.121   0.670
 -2.662   0.050   0.310
 -2.547   0.163   1.111
 -2.433   0.211   0.907
 -2.319   0.179   0.991
 -2.205   0.132   1.434
 -2.090   0.142   1.824
 -1.976   0.145   1.766
 -1.862   0.161   2.618
 -1.748   0.112   2.241
 -1.633   0.033   0.601
 -1.519   0.048   0.545
 -1.405   0.076   0.428
 -1.291   0.060   0.441
 -1.176   0.041   1.162
 -1.062   0.034   0.775
 -0.948   0.028   0.526
 -0.833   0.022   0.343
 -0.719   0.021   0.341
 -0.605   0.018   0.288
 -0.491   0.021   0.275
 -0.376   0.037   0.326
 -0.262   0.039   0.219
 -0.148   0.044   0.141
 -0.034   0.022   0.130
  0.081   0.030   0.067
  0.195   0.057   0.092
  0.309   0.090   0.104
  0.423   0.093   0.098
  0.538   0.110   0.087
  0.652   0.159   0.093
  0.766   0.198   0.109
  0.880   0.222   0.116
  0.995   0.197   0.092
  1.109   0.170   0.079
  1.223   0.141   0.065
  1.337   0.109   0.048
  1.452   0.086   0.036
  1.566   0.078   0.029
  1.680   0.095   0.032
  1.794   0.110   0.034
  1.909   0.125   0.037
  2.023   1.796   0.688
  2.137   0.338   0.146
  2.251   0.211   0.083
  2.366   0.189   0.070
  2.480   0.188   0.068
  2.594   0.176   0.056
  2.708   0.428   0.102
  2.823   0.516   0.117
  2.937   0.383   0.090
  3.051   0.239   0.060
  3.165   0.193   0.040
  3.280   0.183   0.038
  3.394   0.173   0.036
  3.508   0.204   0.053
  3.622   0.122   0.029
  3.737   0.116   0.028
  3.851   0.171   0.032
  3.965   0.253   0.037
  4.079   0.309   0.033
  4.194   0.450   0.044
  4.308   0.764   0.070
  4.422   0.965   0.086
  4.536   0.995   0.086
  4.651   1.026   0.085
  4.765   1.060   0.085
  4.879   1.111   0.086
  4.993   0.681   0.051
  5.108   0.472   0.033
  5.222   0.266   0.017
  5.336   0.022   0.015
  5.450   0.013   0.010
  5.565   0.004   0.004
  5.679   0.000   0.000
  5.793   0.000   0.000
  5.907   0.000   0.000
  6.022   0.000   0.000
  6.136   0.000   0.000
  6.250   0.000   0.000
  6.365   0.000   0.000
  6.479   0.000   0.000
  6.593   0.000   0.000
  6.707   0.000   0.000
  6.822   0.000   0.000
  6.936   0.000   0.000
  7.050   0.000   0.000
  7.164   0.000   0.000
  7.279   0.000   0.000
  7.393   0.000   0.000
  7.507   0.000   0.000
  7.621   0.000   0.000
