X
-4.81351E+02
-4.79740E+02
-4.78130E+02
-4.76520E+02
-4.74911E+02
-4.73302E+02
-4.71693E+02
-4.70084E+02
-4.68476E+02
-4.66868E+02
-4.65261E+02
-4.63654E+02
-4.62047E+02
-4.60440E+02
-4.58834E+02
-4.57228E+02
-4.55623E+02
-4.54018E+02
-4.52413E+02
-4.50808E+02
-4.49204E+02
-4.47600E+02
-4.45997E+02
-4.44394E+02
-4.42791E+02
-4.41188E+02
-4.39586E+02
-4.37984E+02
-4.36383E+02
-4.34782E+02
-4.33181E+02
-4.31581E+02
-4.29980E+02
-4.28381E+02
-4.26781E+02
-4.25182E+02
-4.23583E+02
-4.21985E+02
-4.20387E+02
-4.18789E+02
-4.17191E+02
-4.15594E+02
-4.13997E+02
-4.12401E+02
-4.10805E+02
-4.09209E+02
-4.07614E+02
-4.06018E+02
-4.04424E+02
-4.02829E+02
-4.01235E+02
-3.99641E+02
-3.98048E+02
-3.96455E+02
-3.94862E+02
-3.93269E+02
-3.91677E+02
-3.90085E+02
-3.88494E+02
-3.86903E+02
-3.85312E+02
-3.83721E+02
-3.82131E+02
-3.80542E+02
-3.78952E+02
-3.77363E+02
-3.75774E+02
-3.74186E+02
-3.72597E+02
-3.71010E+02
-3.69422E+02
-3.67835E+02
-3.66248E+02
-3.64662E+02
-3.63076E+02
-3.61490E+02
-3.59904E+02
-3.58319E+02
-3.56734E+02
-3.55150E+02
-3.53566E+02
-3.51982E+02
-3.50398E+02
-3.48815E+02
-3.47232E+02
-3.45650E+02
-3.44068E+02
-3.42486E+02
-3.40904E+02
-3.39323E+02
-3.37742E+02
-3.36162E+02
-3.34581E+02
-3.33002E+02
-3.31422E+02
-3.29843E+02
-3.28264E+02
-3.26685E+02
-3.25107E+02
-3.23529E+02
-3.21952E+02
-3.20375E+02
-3.18798E+02
-3.17221E+02
-3.15645E+02
-3.14069E+02
-3.12493E+02
-3.10918E+02
-3.09343E+02
-3.07769E+02
-3.06195E+02
-3.04621E+02
-3.03047E+02
-3.01474E+02
-2.99901E+02
-2.98328E+02
-2.96756E+02
-2.95184E+02
-2.93612E+02
-2.92041E+02
-2.90470E+02
-2.88900E+02
-2.87329E+02
-2.85759E+02
-2.84190E+02
-2.82620E+02
-2.81051E+02
-2.79483E+02
-2.77914E+02
-2.76346E+02
-2.74779E+02
-2.73211E+02
-2.71644E+02
-2.70078E+02
-2.68511E+02
-2.66945E+02
-2.65380E+02
-2.63814E+02
-2.62249E+02
-2.60685E+02
-2.59120E+02
-2.57556E+02
-2.55992E+02
-2.54429E+02
-2.52866E+02
-2.51303E+02
-2.49741E+02
-2.48179E+02
-2.46617E+02
-2.45056E+02
-2.43495E+02
-2.41934E+02
-2.40373E+02
-2.38813E+02
-2.37253E+02
-2.35694E+02
-2.34135E+02
-2.32576E+02
-2.31018E+02
-2.29459E+02
-2.27902E+02
-2.26344E+02
-2.24787E+02
-2.23230E+02
-2.21674E+02
-2.20117E+02
-2.18561E+02
-2.17006E+02
-2.15451E+02
-2.13896E+02
-2.12341E+02
-2.10787E+02
-2.09233E+02
-2.07680E+02
-2.06126E+02
-2.04573E+02
-2.03021E+02
-2.01469E+02
-1.99917E+02
-1.98365E+02
-1.96814E+02
-1.95263E+02
-1.93712E+02
-1.92162E+02
-1.90612E+02
-1.89062E+02
-1.87513E+02
-1.85964E+02
-1.84415E+02
-1.82867E+02
-1.81319E+02
-1.79771E+02
-1.78224E+02
-1.76677E+02
-1.75130E+02
-1.73583E+02
-1.72037E+02
-1.70492E+02
-1.68946E+02
-1.67401E+02
-1.65856E+02
-1.64312E+02
-1.62768E+02
-1.61224E+02
-1.59680E+02
-1.58137E+02
-1.56594E+02
-1.55052E+02
-1.53510E+02
-1.51968E+02
-1.50426E+02
-1.48885E+02
-1.47344E+02
-1.45804E+02
-1.44263E+02
-1.42723E+02
-1.41184E+02
-1.39645E+02
-1.38106E+02
-1.36567E+02
-1.35029E+02
-1.33491E+02
-1.31953E+02
-1.30416E+02
-1.28879E+02
-1.27342E+02
-1.25806E+02
-1.24270E+02
-1.22734E+02
-1.21199E+02
-1.19663E+02
-1.18129E+02
-1.16594E+02
-1.15060E+02
-1.13526E+02
-1.11993E+02
-1.10460E+02
-1.08927E+02
-1.07395E+02
-1.05862E+02
-1.04331E+02
-1.02799E+02
-1.01268E+02
-9.97370E+01
-9.82065E+01
-9.66763E+01
-9.51464E+01
-9.36168E+01
-9.20875E+01
-9.05586E+01
-8.90300E+01
-8.75017E+01
-8.59737E+01
-8.44461E+01
-8.29188E+01
-8.13918E+01
-7.98651E+01
-7.83387E+01
-7.68127E+01
-7.52870E+01
-7.37616E+01
-7.22365E+01
-7.07118E+01
-6.91873E+01
-6.76632E+01
-6.61395E+01
-6.46160E+01
-6.30929E+01
-6.15700E+01
-6.00475E+01
-5.85254E+01
-5.70035E+01
-5.54820E+01
-5.39607E+01
-5.24399E+01
-5.09193E+01
-4.93990E+01
-4.78791E+01
-4.63595E+01
-4.48402E+01
-4.33212E+01
-4.18026E+01
-4.02842E+01
-3.87662E+01
-3.72485E+01
-3.57312E+01
-3.42141E+01
-3.26974E+01
-3.11810E+01
-2.96649E+01
-2.81491E+01
-2.66337E+01
-2.51186E+01
-2.36038E+01
-2.20893E+01
-2.05751E+01
-1.90613E+01
-1.75477E+01
-1.60345E+01
-1.45216E+01
-1.30091E+01
-1.14968E+01
-9.98488E+00
-8.47326E+00
-6.96197E+00
-5.45100E+00
-3.94034E+00
-2.43001E+00
-9.19991E-01
 5.89706E-01
 2.09908E+00
 3.60814E+00
 5.11688E+00
 6.62531E+00
 8.13341E+00
 9.64119E+00
 1.11487E+01
 1.26558E+01
 1.41626E+01
 1.56691E+01
 1.71753E+01
 1.86812E+01
 2.01868E+01
 2.16920E+01
 2.31969E+01
 2.47015E+01
 2.62058E+01
 2.77098E+01
 2.92134E+01
 3.07167E+01
 3.22198E+01
 3.37225E+01
 3.52248E+01
 3.67269E+01
 3.82286E+01
 3.97300E+01
 4.12312E+01
 4.27319E+01
 4.42324E+01
 4.57326E+01
 4.72324E+01
 4.87319E+01
 5.02311E+01
 5.17300E+01
 5.32286E+01
 5.47268E+01
 5.62247E+01
 5.77224E+01
 5.92197E+01
 6.07166E+01
 6.22133E+01
 6.37097E+01
 6.52057E+01
 6.67014E+01
 6.81968E+01
 6.96919E+01
 7.11866E+01
 7.26811E+01
 7.41752E+01
 7.56690E+01
 7.71625E+01
 7.86557E+01
 8.01486E+01
 8.16411E+01
 8.31334E+01
 8.46253E+01
 8.61169E+01
 8.76082E+01
 8.90992E+01
 9.05898E+01
 9.20802E+01
 9.35702E+01
 9.50599E+01
 9.65493E+01
 9.80384E+01
 9.95271E+01
 1.01016E+02
 1.02504E+02
 1.03992E+02
 1.05479E+02
 1.06966E+02
 1.08453E+02
 1.09940E+02
 1.11426E+02
 1.12912E+02
 1.14397E+02
 1.15883E+02
 1.17368E+02
 1.18852E+02
 1.20337E+02
 1.21821E+02
 1.23304E+02
 1.24788E+02
 1.26271E+02
 1.27754E+02
 1.29236E+02
 1.30718E+02
 1.32200E+02
 1.33682E+02
 1.35163E+02
 1.36644E+02
 1.38124E+02
 1.39605E+02
 1.41085E+02
 1.42564E+02
 1.44044E+02
 1.45523E+02
 1.47001E+02
 1.48480E+02
 1.49958E+02
 1.51435E+02
 1.52913E+02
 1.54390E+02
 1.55867E+02
 1.57343E+02
 1.58820E+02
 1.60295E+02
 1.61771E+02
 1.63246E+02
 1.64721E+02
 1.66196E+02
 1.67670E+02
 1.69144E+02
 1.70618E+02
 1.72091E+02
 1.73564E+02
 1.75037E+02
 1.76509E+02
 1.77981E+02
 1.79453E+02
 1.80925E+02
 1.82396E+02
 1.83867E+02
 1.85337E+02
 1.86808E+02
 1.88278E+02
 1.89747E+02
 1.91216E+02
 1.92685E+02
 1.94154E+02
 1.95623E+02
 1.97091E+02
 1.98558E+02
 2.00026E+02
 2.01493E+02
 2.02960E+02
 2.04426E+02
 2.05892E+02
 2.07358E+02
 2.08824E+02
 2.10289E+02
 2.11754E+02
 2.13219E+02
 2.14683E+02
 2.16147E+02
 2.17611E+02
 2.19074E+02
 2.20537E+02
 2.22000E+02
 2.23462E+02
 2.24924E+02
 2.26386E+02
 2.27848E+02
 2.29309E+02
 2.30770E+02
 2.32231E+02
 2.33691E+02
 2.35151E+02
 2.36610E+02
 2.38070E+02
 2.39529E+02
 2.40988E+02
 2.42446E+02
 2.43904E+02
 2.45362E+02
 2.46819E+02
 2.48276E+02
 2.49733E+02
 2.51190E+02
 2.52646E+02
 2.54102E+02
 2.55558E+02
 2.57013E+02
 2.58468E+02
 2.59923E+02
 2.61377E+02
 2.62831E+02
 2.64285E+02
 2.65738E+02
 2.67192E+02
 2.68644E+02
 2.70097E+02
 2.71549E+02
 2.73001E+02
 2.74453E+02
 2.75904E+02
 2.77355E+02
 2.78806E+02
 2.80256E+02
 2.81706E+02
 2.83156E+02
 2.84605E+02
 2.86054E+02
 2.87503E+02
 2.88952E+02
 2.90400E+02
 2.91848E+02
 2.93295E+02
 2.94743E+02
 2.96189E+02
 2.97636E+02
 2.99083E+02
 3.00529E+02
 3.01974E+02
 3.03420E+02
 3.04865E+02
 3.06310E+02
 3.07754E+02
 3.09198E+02
 3.10642E+02
 3.12086E+02
 3.13529E+02
 3.14972E+02
 3.16415E+02
 3.17857E+02
 3.19299E+02
 3.20741E+02
 3.22182E+02
 3.23623E+02
 3.25064E+02
 3.26505E+02
 3.27945E+02
 3.29385E+02
 3.30824E+02
 3.32264E+02
 3.33703E+02
 3.35141E+02
 3.36580E+02
 3.38018E+02
 3.39455E+02
 3.40893E+02
 3.42330E+02
 3.43767E+02
 3.45203E+02
 3.46639E+02
 3.48075E+02
 3.49511E+02
 3.50946E+02
 3.52381E+02
 3.53816E+02
 3.55250E+02
 3.56684E+02
 3.58118E+02
 3.59551E+02
 3.60985E+02
 3.62417E+02
 3.63850E+02
 3.65282E+02
 3.66714E+02
 3.68146E+02
 3.69577E+02
 3.71008E+02
 3.72439E+02
 3.73869E+02
 3.75299E+02
 3.76729E+02
 3.78158E+02
 3.79588E+02
 3.81016E+02
 3.82445E+02
 3.83873E+02
 3.85301E+02
 3.86729E+02
 3.88156E+02
 3.89583E+02
 3.91010E+02
 3.92436E+02
 3.93862E+02
 3.95288E+02
 3.96714E+02
 3.98139E+02
 3.99564E+02
 4.00988E+02
 4.02413E+02
 4.03837E+02
 4.05260E+02
 4.06684E+02
 4.08107E+02
 4.09530E+02
 4.10952E+02
 4.12374E+02
 4.13796E+02
 4.15218E+02
 4.16639E+02
 4.18060E+02
 4.19480E+02
 4.20901E+02
 4.22321E+02
 4.23741E+02
 4.25160E+02
 4.26579E+02
 4.27998E+02
 4.29416E+02
 4.30835E+02
 4.32253E+02
 4.33670E+02
 4.35087E+02
 4.36504E+02
 4.37921E+02
 4.39337E+02
 4.40754E+02
 4.42169E+02
 4.43585E+02
 4.45000E+02
 4.46415E+02
 4.47829E+02
 4.49244E+02
 4.50658E+02
 4.52071E+02
 4.53485E+02
 4.54898E+02
 4.56310E+02
 4.57723E+02
 4.59135E+02
 4.60547E+02
 4.61958E+02
 4.63370E+02
 4.64781E+02
 4.66191E+02
 4.67602E+02
 4.69012E+02
 4.70421E+02
 4.71831E+02
 4.73240E+02
 4.74649E+02
 4.76057E+02
 4.77465E+02
 4.78873E+02
 4.80281E+02
 4.81688E+02
 4.83095E+02
 4.84502E+02
 4.85908E+02
 4.87314E+02
 4.88720E+02
 4.90126E+02
 4.91531E+02
 4.92936E+02
 4.94340E+02
 4.95745E+02
 4.97149E+02
 4.98552E+02
 4.99956E+02
 5.01359E+02
 5.02762E+02
 5.04164E+02
 5.05566E+02
 5.06968E+02
 5.08370E+02
 5.09771E+02
 5.11172E+02
 5.12573E+02
 5.13973E+02
 5.15373E+02
 5.16773E+02
 5.18173E+02
 5.19572E+02
 5.20971E+02
 5.22369E+02
 5.23768E+02
 5.25166E+02
 5.26563E+02
 5.27961E+02
 5.29358E+02
 5.30754E+02
 5.32151E+02
 5.33547E+02
 5.34943E+02
 5.36339E+02
 5.37734E+02
 5.39129E+02
 5.40524E+02
 5.41918E+02
 5.43312E+02
 5.44706E+02
 5.46099E+02
 5.47492E+02
 5.48885E+02
 5.50278E+02
 5.51670E+02
 5.53062E+02
 5.54454E+02
 5.55845E+02
 5.57236E+02
 5.58627E+02
 5.60018E+02
 5.61408E+02
 5.62798E+02
 5.64187E+02
 5.65577E+02
 5.66966E+02
 5.68354E+02
 5.69743E+02
 5.71131E+02
 5.72519E+02
 5.73906E+02
 5.75293E+02
 5.76680E+02
 5.78067E+02
 5.79453E+02
 5.80839E+02
 5.82225E+02
 5.83610E+02
 5.84996E+02
 5.86380E+02
 5.87765E+02
 5.89149E+02
 5.90533E+02
 5.91917E+02
 5.93300E+02
 5.94683E+02
 5.96066E+02
 5.97448E+02
 5.98830E+02
 6.00212E+02
 6.01594E+02
 6.02975E+02
 6.04356E+02
 6.05737E+02
 6.07117E+02
 6.08497E+02
 6.09877E+02
 6.11256E+02
 6.12636E+02
 6.14014E+02
 6.15393E+02
 6.16771E+02
 6.18149E+02
 6.19527E+02
 6.20904E+02
 6.22281E+02
 6.23658E+02
 6.25035E+02
 6.26411E+02
 6.27787E+02
 6.29162E+02
 6.30538E+02
 6.31913E+02
 6.33288E+02
 6.34662E+02
 6.36036E+02
 6.37410E+02
 6.38783E+02
 6.40157E+02
 6.41530E+02
 6.42902E+02
 6.44275E+02
 6.45647E+02
 6.47019E+02
 6.48390E+02
 6.49761E+02
 6.51132E+02
 6.52503E+02
 6.53873E+02
 6.55243E+02
 6.56613E+02
 6.57982E+02
 6.59351E+02
 6.60720E+02
 6.62088E+02
 6.63457E+02
 6.64825E+02
 6.66192E+02
 6.67560E+02
 6.68927E+02
 6.70293E+02
 6.71660E+02
 6.73026E+02
 6.74392E+02
 6.75757E+02
 6.77123E+02
 6.78488E+02
 6.79852E+02
 6.81217E+02
 6.82581E+02
 6.83945E+02
 6.85308E+02
 6.86671E+02
 6.88034E+02
 6.89397E+02
 6.90759E+02
 6.92121E+02
 6.93483E+02
 6.94844E+02
 6.96206E+02
 6.97566E+02
 6.98927E+02
 7.00287E+02
 7.01647E+02
 7.03007E+02
 7.04366E+02
 7.05725E+02
 7.07084E+02
 7.08443E+02
 7.09801E+02
 7.11159E+02
 7.12517E+02
 7.13874E+02
 7.15231E+02
 7.16588E+02
 7.17944E+02
 7.19300E+02
 7.20656E+02
 7.22012E+02
 7.23367E+02
 7.24722E+02
 7.26077E+02
 7.27431E+02
 7.28785E+02
 7.30139E+02
 7.31493E+02
 7.32846E+02
 7.34199E+02
 7.35551E+02
 7.36904E+02
 7.38256E+02
 7.39608E+02
 7.40959E+02
 7.42310E+02
 7.43661E+02
 7.45012E+02
 7.46362E+02
 7.47712E+02
 7.49062E+02
 7.50411E+02
 7.51760E+02
 7.53109E+02
 7.54458E+02
 7.55806E+02
 7.57154E+02
 7.58502E+02
 7.59849E+02
 7.61196E+02
 7.62543E+02
 7.63890E+02
 7.65236E+02
 7.66582E+02
 7.67927E+02
 7.69273E+02
 7.70618E+02
 7.71963E+02
 7.73307E+02
 7.74651E+02
 7.75995E+02
 7.77339E+02
 7.78682E+02
 7.80025E+02
 7.81368E+02
 7.82710E+02
 7.84053E+02
 7.85394E+02
 7.86736E+02
 7.88077E+02
 7.89418E+02
 7.90759E+02
 7.92099E+02
 7.93439E+02
 7.94779E+02
 7.96119E+02
 7.97458E+02
 7.98797E+02
 8.00136E+02
 8.01474E+02
 8.02812E+02
 8.04150E+02
 8.05488E+02
 8.06825E+02
 8.08162E+02
 8.09498E+02
 8.10835E+02
 8.12171E+02
 8.13507E+02
 8.14842E+02
 8.16177E+02
 8.17512E+02
 8.18847E+02
 8.20181E+02
 8.21515E+02
 8.22849E+02
 8.24182E+02
 8.25515E+02
 8.26848E+02
 8.28181E+02
 8.29513E+02
 8.30845E+02
 8.32177E+02
 8.33508E+02
 8.34840E+02
 8.36170E+02
 8.37501E+02
 8.38831E+02
 8.40161E+02
 8.41491E+02
 8.42820E+02
 8.44149E+02
 8.45478E+02
 8.46807E+02
 8.48135E+02
 8.49463E+02
 8.50791E+02
 8.52118E+02
 8.53445E+02
 8.54772E+02
 8.56099E+02
 8.57425E+02
 8.58751E+02
 8.60076E+02
 8.61402E+02
 8.62727E+02
 8.64052E+02
 8.65376E+02
 8.66700E+02
 8.68024E+02
 8.69348E+02
 8.70671E+02
 8.71995E+02
 8.73317E+02
 8.74640E+02
 8.75962E+02
 8.77284E+02
 8.78606E+02
 8.79927E+02
 8.81248E+02
 8.82569E+02
 8.83889E+02
 8.85210E+02
 8.86529E+02
 8.87849E+02
 8.89168E+02
 8.90487E+02
 8.91806E+02
 8.93125E+02
 8.94443E+02
 8.95761E+02
 8.97078E+02
 8.98396E+02
 8.99713E+02
 9.01030E+02
 9.02346E+02
 9.03662E+02
 9.04978E+02
 9.06294E+02
 9.07609E+02
 9.08924E+02
 9.10239E+02
 9.11553E+02
 9.12868E+02
 9.14182E+02
 9.15495E+02
 9.16808E+02
 9.18122E+02
 9.19434E+02
 9.20747E+02
 9.22059E+02
 9.23371E+02
 9.24682E+02
 9.25994E+02
 9.27305E+02
 9.28616E+02
 9.29926E+02
 9.31236E+02
 9.32546E+02
 9.33856E+02
 9.35165E+02
 9.36474E+02
 9.37783E+02
 9.39091E+02
 9.40400E+02
 9.41708E+02
 9.43015E+02
 9.44323E+02
 9.45630E+02
 9.46936E+02
 9.48243E+02
 9.49549E+02
 9.50855E+02
 9.52161E+02
 9.53466E+02
 9.54771E+02
 9.56076E+02
 9.57380E+02
 9.58685E+02
 9.59988E+02
 9.61292E+02
 9.62595E+02
 9.63899E+02
 9.65201E+02
 9.66504E+02
 9.67806E+02
 9.69108E+02
 9.70410E+02
 9.71711E+02
 9.73012E+02
 9.74313E+02
 9.75613E+02
 9.76914E+02
 9.78214E+02
 9.79513E+02
 9.80813E+02
 9.82112E+02
 9.83411E+02
 9.84709E+02
 9.86007E+02
 9.87305E+02
 9.88603E+02
 9.89901E+02
 9.91198E+02
 9.92494E+02
 9.93791E+02
 9.95087E+02
 9.96383E+02
 9.97679E+02
 9.98974E+02
 1.00027E+03
