Y
 8.32857E+02
 8.32143E+02
 8.39000E+02
 8.34000E+02
 8.35714E+02
 8.36143E+02
 8.48000E+02
 8.38143E+02
 8.35143E+02
 8.33143E+02
 8.38000E+02
 8.36429E+02
 8.37000E+02
 8.35714E+02
 8.29571E+02
 8.38714E+02
 8.35143E+02
 8.40143E+02
 8.32571E+02
 8.38429E+02
 8.41000E+02
 8.32143E+02
 8.39000E+02
 8.45857E+02
 8.40000E+02
 8.49286E+02
 8.40286E+02
 8.46714E+02
 8.53571E+02
 8.45429E+02
 8.44000E+02
 8.48571E+02
 8.46571E+02
 8.44714E+02
 8.40571E+02
 8.39286E+02
 8.43286E+02
 8.51429E+02
 8.57286E+02
 8.45571E+02
 8.49143E+02
 8.49857E+02
 8.46571E+02
 8.63429E+02
 8.48714E+02
 8.56571E+02
 8.47429E+02
 8.45857E+02
 8.52857E+02
 8.62571E+02
 8.48000E+02
 8.48714E+02
 8.48286E+02
 8.50714E+02
 8.54286E+02
 8.56571E+02
 8.58286E+02
 8.57714E+02
 8.67571E+02
 8.80286E+02
 8.95286E+02
 9.17571E+02
 9.60571E+02
 1.00843E+03
 1.08214E+03
 1.12957E+03
 1.08486E+03
 9.91286E+02
 9.34000E+02
 9.05714E+02
 8.84571E+02
 8.76429E+02
 8.63286E+02
 8.64571E+02
 8.64571E+02
 8.62429E+02
 8.64714E+02
 8.62286E+02
 8.54286E+02
 8.61000E+02
 8.58143E+02
 8.56143E+02
 8.67571E+02
 8.65429E+02
 8.61286E+02
 8.65143E+02
 8.61429E+02
 8.60000E+02
 8.46857E+02
 8.51000E+02
 8.56714E+02
 8.55429E+02
 8.53000E+02
 8.63000E+02
 8.59143E+02
 8.60714E+02
 8.59714E+02
 8.60000E+02
 8.70143E+02
 8.63714E+02
 8.59429E+02
 8.61571E+02
 8.64000E+02
 8.53429E+02
 8.64571E+02
 8.77571E+02
 8.65000E+02
 8.71286E+02
 8.79429E+02
 8.82429E+02
 8.73857E+02
 8.89000E+02
 8.79857E+02
 8.82714E+02
 8.82714E+02
 8.86286E+02
 8.89714E+02
 8.86143E+02
 8.88857E+02
 8.91143E+02
 8.94714E+02
 8.91857E+02
 8.96571E+02
 9.02714E+02
 9.13286E+02
 9.23000E+02
 9.36143E+02
 9.37000E+02
 9.75000E+02
 9.98714E+02
 1.03871E+03
 1.06586E+03
 1.06629E+03
 1.06200E+03
 1.02157E+03
 9.83286E+02
 9.58143E+02
 9.49143E+02
 9.42286E+02
 9.30857E+02
 9.46143E+02
 9.49000E+02
 9.68286E+02
 9.83143E+02
 1.03586E+03
 1.09729E+03
 1.15471E+03
 1.18800E+03
 1.17414E+03
 1.07071E+03
 9.95000E+02
 9.44286E+02
 9.34143E+02
 9.18000E+02
 9.12714E+02
 9.02000E+02
 9.03000E+02
 8.99857E+02
 9.05714E+02
 9.09857E+02
 9.16286E+02
 9.26286E+02
 9.26429E+02
 9.30857E+02
 9.23286E+02
 9.19857E+02
 9.21286E+02
 9.11429E+02
 9.14143E+02
 9.04571E+02
 9.12571E+02
 9.08571E+02
 9.10714E+02
 9.15143E+02
 9.15286E+02
 9.17286E+02
 9.12429E+02
 9.27000E+02
 9.31571E+02
 9.30000E+02
 9.28857E+02
 9.28286E+02
 9.29857E+02
 9.25143E+02
 9.31857E+02
 9.23000E+02
 9.17143E+02
 9.26857E+02
 9.30000E+02
 9.18714E+02
 9.23571E+02
 9.13857E+02
 9.30714E+02
 9.23857E+02
 9.25857E+02
 9.21714E+02
 9.26143E+02
 9.25286E+02
 9.24286E+02
 9.20429E+02
 9.30429E+02
 9.35286E+02
 9.25571E+02
 9.20429E+02
 9.23857E+02
 9.28571E+02
 9.30571E+02
 9.29429E+02
 9.38286E+02
 9.35286E+02
 9.37000E+02
 9.50857E+02
 9.52857E+02
 9.57429E+02
 9.59857E+02
 9.66000E+02
 9.68143E+02
 9.81857E+02
 1.00129E+03
 1.07671E+03
 1.02157E+03
 1.03986E+03
 1.06900E+03
 1.10100E+03
 1.12529E+03
 1.14543E+03
 1.15571E+03
 1.16686E+03
 1.15586E+03
 1.13914E+03
 1.12986E+03
 1.12943E+03
 1.12643E+03
 1.14086E+03
 1.13557E+03
 1.14557E+03
 1.15714E+03
 1.16457E+03
 1.18543E+03
 1.18857E+03
 1.19000E+03
 1.19543E+03
 1.20929E+03
 1.22629E+03
 1.23343E+03
 1.25686E+03
 1.27214E+03
 1.27429E+03
 1.31343E+03
 1.33971E+03
 1.36129E+03
 1.38600E+03
 1.44614E+03
 1.48743E+03
 1.56514E+03
 1.65614E+03
 1.79629E+03
 1.91929E+03
 1.90857E+03
 1.80571E+03
 1.73971E+03
 1.69314E+03
 1.70771E+03
 1.68300E+03
 1.71443E+03
 1.73000E+03
 1.77057E+03
 1.78329E+03
 1.81671E+03
 1.80771E+03
 1.82214E+03
 1.87443E+03
 1.91443E+03
 1.98200E+03
 2.00371E+03
 2.07286E+03
 2.12514E+03
 2.15486E+03
 2.17129E+03
 2.21614E+03
 2.25414E+03
 2.30257E+03
 2.39671E+03
 2.52386E+03
 2.63571E+03
 2.79743E+03
 3.23100E+03
 4.37129E+03
 6.75614E+03
 9.74600E+03
 1.07426E+04
 9.05257E+03
 7.79843E+03
 7.65986E+03
 7.81029E+03
 7.63071E+03
 8.33829E+03
 9.22986E+03
 9.81229E+03
 1.17664E+04
 1.67080E+04
 3.13644E+04
 6.14293E+04
 6.27821E+04
 6.55350E+04
 6.54833E+04
 6.55350E+04
 6.55350E+04
 6.55350E+04
 6.55350E+04
 4.99721E+04
 6.59857E+03
 7.76214E+03
 7.54357E+03
 6.80157E+03
 6.17886E+03
 5.68943E+03
 5.29071E+03
 4.88514E+03
 4.52729E+03
 4.21557E+03
 3.99071E+03
 3.75814E+03
 3.57000E+03
 3.35929E+03
 3.21271E+03
 3.09657E+03
 3.00300E+03
 2.97414E+03
 2.93629E+03
 2.87157E+03
 2.76957E+03
 2.69114E+03
 2.65414E+03
 2.64557E+03
 2.60743E+03
 2.52886E+03
 2.47414E+03
 2.43057E+03
 2.40557E+03
 2.37900E+03
 2.37714E+03
 2.35371E+03
 2.34400E+03
 2.30086E+03
 2.25871E+03
 2.22771E+03
 2.20200E+03
 2.13786E+03
 2.09857E+03
 2.08329E+03
 2.08243E+03
 2.06686E+03
 2.04700E+03
 1.99514E+03
 1.98543E+03
 2.01143E+03
 2.05929E+03
 2.20386E+03
 2.30614E+03
 2.39043E+03
 2.26314E+03
 2.03243E+03
 1.82571E+03
 1.72629E+03
 1.69057E+03
 1.63743E+03
 1.58129E+03
 1.53957E+03
 1.51343E+03
 1.50543E+03
 1.50029E+03
 1.49086E+03
 1.48186E+03
 1.49029E+03
 1.46529E+03
 1.44557E+03
 1.43229E+03
 1.41671E+03
 1.39643E+03
 1.39343E+03
 1.37871E+03
 1.37129E+03
 1.36214E+03
 1.36329E+03
 1.35386E+03
 1.35086E+03
 1.36814E+03
 1.37371E+03
 1.38629E+03
 1.38729E+03
 1.42243E+03
 1.42629E+03
 1.41186E+03
 1.36343E+03
 1.32800E+03
 1.28229E+03
 1.24343E+03
 1.21214E+03
 1.17671E+03
 1.14957E+03
 1.14571E+03
 1.11771E+03
 1.11000E+03
 1.09929E+03
 1.09143E+03
 1.08829E+03
 1.07600E+03
 1.07886E+03
 1.07686E+03
 1.07900E+03
 1.07029E+03
 1.07843E+03
 1.07543E+03
 1.07986E+03
 1.07914E+03
 1.06929E+03
 1.06014E+03
 1.06186E+03
 1.06114E+03
 1.06271E+03
 1.07286E+03
 1.06700E+03
 1.07943E+03
 1.06914E+03
 1.07571E+03
 1.07471E+03
 1.08271E+03
 1.07071E+03
 1.07900E+03
 1.08957E+03
 1.10514E+03
 1.10300E+03
 1.10800E+03
 1.11343E+03
 1.10200E+03
 1.10071E+03
 1.09800E+03
 1.09729E+03
 1.09886E+03
 1.11229E+03
 1.12071E+03
 1.11843E+03
 1.10600E+03
 1.09657E+03
 1.10200E+03
 1.10029E+03
 1.09700E+03
 1.08886E+03
 1.06929E+03
 1.07957E+03
 1.09686E+03
 1.11600E+03
 1.11557E+03
 1.11757E+03
 1.12686E+03
 1.15029E+03
 1.14443E+03
 1.15700E+03
 1.17586E+03
 1.15114E+03
 1.11971E+03
 1.10929E+03
 1.11186E+03
 1.10743E+03
 1.12743E+03
 1.14143E+03
 1.15871E+03
 1.17771E+03
 1.21929E+03
 1.31200E+03
 1.41700E+03
 1.57271E+03
 1.76771E+03
 1.94371E+03
 2.06286E+03
 2.02857E+03
 1.77443E+03
 1.54643E+03
 1.40743E+03
 1.32071E+03
 1.28214E+03
 1.26271E+03
 1.28414E+03
 1.29143E+03
 1.31243E+03
 1.37057E+03
 1.41743E+03
 1.50343E+03
 1.60257E+03
 1.70300E+03
 1.75771E+03
 1.76571E+03
 1.69286E+03
 1.55386E+03
 1.44986E+03
 1.34900E+03
 1.28171E+03
 1.22529E+03
 1.19371E+03
 1.18686E+03
 1.15886E+03
 1.14443E+03
 1.14571E+03
 1.14586E+03
 1.14114E+03
 1.12743E+03
 1.12443E+03
 1.11600E+03
 1.10714E+03
 1.10429E+03
 1.10586E+03
 1.10686E+03
 1.10271E+03
 1.10900E+03
 1.09300E+03
 1.09886E+03
 1.08800E+03
 1.08729E+03
 1.08471E+03
 1.07800E+03
 1.08729E+03
 1.07286E+03
 1.07700E+03
 1.06057E+03
 1.06586E+03
 1.05743E+03
 1.04271E+03
 1.05800E+03
 1.06171E+03
 1.07843E+03
 1.07543E+03
 1.08214E+03
 1.07514E+03
 1.06171E+03
 1.04929E+03
 1.04886E+03
 1.06329E+03
 1.06371E+03
 1.08386E+03
 1.08843E+03
 1.08129E+03
 1.07471E+03
 1.07643E+03
 1.08343E+03
 1.09729E+03
 1.09814E+03
 1.09200E+03
 1.08714E+03
 1.10271E+03
 1.11771E+03
 1.12329E+03
 1.14100E+03
 1.15300E+03
 1.16600E+03
 1.20571E+03
 1.24743E+03
 1.28443E+03
 1.34014E+03
 1.42714E+03
 1.54143E+03
 1.74314E+03
 2.01214E+03
 2.44514E+03
 2.90500E+03
 2.99029E+03
 2.55600E+03
 1.98686E+03
 1.57386E+03
 1.36171E+03
 1.23771E+03
 1.19286E+03
 1.16200E+03
 1.14429E+03
 1.13900E+03
 1.12614E+03
 1.11843E+03
 1.12243E+03
 1.12743E+03
 1.10771E+03
 1.11071E+03
 1.11614E+03
 1.10457E+03
 1.10086E+03
 1.09786E+03
 1.09471E+03
 1.09671E+03
 1.09143E+03
 1.10800E+03
 1.10343E+03
 1.10943E+03
 1.11300E+03
 1.11457E+03
 1.10886E+03
 1.26814E+03
 1.25357E+03
 1.30614E+03
 1.10686E+03
 1.10886E+03
 1.09743E+03
 1.09829E+03
 1.09814E+03
 1.10071E+03
 1.10743E+03
 1.09000E+03
 1.10243E+03
 1.10800E+03
 1.10586E+03
 1.10200E+03
 1.09443E+03
 1.10043E+03
 1.09857E+03
 1.09357E+03
 1.08200E+03
 1.08457E+03
 1.08486E+03
 1.09200E+03
 1.08829E+03
 1.08500E+03
 1.08500E+03
 1.09057E+03
 1.09314E+03
 1.09929E+03
 1.10229E+03
 1.10557E+03
 1.10514E+03
 1.09843E+03
 1.07900E+03
 1.07543E+03
 1.07171E+03
 1.07571E+03
 1.09914E+03
 1.08786E+03
 1.08743E+03
 1.09271E+03
 1.10671E+03
 1.10629E+03
 1.10029E+03
 1.11600E+03
 1.10971E+03
 1.12429E+03
 1.12114E+03
 1.11900E+03
 1.11357E+03
 1.11029E+03
 1.10500E+03
 1.10271E+03
 1.10143E+03
 1.10800E+03
 1.12986E+03
 1.12371E+03
 1.13029E+03
 1.13529E+03
 1.14029E+03
 1.14657E+03
 1.14757E+03
 1.15486E+03
 1.16229E+03
 1.17457E+03
 1.16257E+03
 1.16743E+03
 1.17700E+03
 1.18043E+03
 1.17100E+03
 1.16686E+03
 1.15971E+03
 1.16243E+03
 1.17729E+03
 1.19900E+03
 1.18514E+03
 1.18243E+03
 1.18214E+03
 1.18729E+03
 1.19671E+03
 1.20957E+03
 1.21471E+03
 1.22243E+03
 1.22114E+03
 1.23500E+03
 1.22157E+03
 1.21500E+03
 1.19857E+03
 1.21457E+03
 1.22143E+03
 1.21871E+03
 1.22757E+03
 1.20871E+03
 1.21729E+03
 1.23114E+03
 1.24186E+03
 1.25014E+03
 1.27943E+03
 1.32343E+03
 1.38057E+03
 1.50300E+03
 1.64029E+03
 1.70586E+03
 1.64657E+03
 1.46700E+03
 1.33857E+03
 1.25200E+03
 1.22743E+03
 1.19429E+03
 1.18271E+03
 1.17829E+03
 1.19271E+03
 1.18114E+03
 1.18857E+03
 1.16614E+03
 1.15914E+03
 1.16343E+03
 1.16700E+03
 1.18729E+03
 1.18557E+03
 1.18114E+03
 1.18129E+03
 1.16743E+03
 1.17529E+03
 1.18400E+03
 1.17314E+03
 1.17543E+03
 1.18100E+03
 1.18757E+03
 1.17214E+03
 1.16843E+03
 1.17771E+03
 1.15586E+03
 1.17171E+03
 1.17914E+03
 1.18643E+03
 1.18157E+03
 1.18071E+03
 1.18914E+03
 1.18829E+03
 1.19986E+03
 1.21286E+03
 1.23986E+03
 1.27929E+03
 1.29100E+03
 1.25900E+03
 1.22471E+03
 1.19500E+03
 1.19529E+03
 1.20000E+03
 1.19129E+03
 1.18857E+03
 1.20571E+03
 1.20457E+03
 1.19986E+03
 1.17486E+03
 1.18114E+03
 1.17029E+03
 1.17300E+03
 1.19629E+03
 1.18671E+03
 1.18657E+03
 1.18957E+03
 1.20214E+03
 1.19286E+03
 1.18971E+03
 1.18771E+03
 1.20557E+03
 1.22729E+03
 1.20757E+03
 1.20629E+03
 1.20286E+03
 1.21457E+03
 1.22186E+03
 1.19400E+03
 1.20657E+03
 1.20371E+03
 1.18986E+03
 1.19457E+03
 1.19743E+03
 1.21429E+03
 1.20086E+03
 1.20357E+03
 1.21471E+03
 1.21114E+03
 1.20671E+03
 1.22186E+03
 1.21271E+03
 1.20786E+03
 1.21571E+03
 1.23443E+03
 1.24914E+03
 1.26314E+03
 1.26771E+03
 1.28871E+03
 1.27600E+03
 1.27000E+03
 1.28029E+03
 1.30300E+03
 1.31143E+03
 1.32071E+03
 1.32471E+03
 1.30371E+03
 1.30486E+03
 1.28543E+03
 1.27786E+03
 1.27157E+03
 1.24871E+03
 1.26486E+03
 1.24871E+03
 1.24386E+03
 1.23243E+03
 1.24771E+03
 1.23371E+03
 1.22529E+03
 1.23529E+03
 1.22257E+03
 1.22971E+03
 1.22557E+03
 1.22386E+03
 1.21057E+03
 1.21514E+03
 1.23271E+03
 1.23071E+03
 1.24057E+03
 1.24200E+03
 1.24386E+03
 1.25157E+03
 1.25686E+03
 1.25086E+03
 1.24929E+03
 1.25714E+03
 1.25057E+03
 1.24529E+03
 1.24614E+03
 1.25271E+03
 1.24671E+03
 1.24029E+03
 1.23400E+03
 1.24129E+03
 1.24329E+03
 1.24743E+03
 1.26671E+03
 1.27129E+03
 1.26571E+03
 1.27686E+03
 1.25686E+03
 1.25486E+03
 1.24557E+03
 1.22671E+03
 1.23457E+03
 1.23743E+03
 1.25929E+03
 1.24357E+03
 1.23429E+03
 1.23814E+03
 1.24771E+03
 1.23829E+03
 1.24200E+03
 1.24714E+03
 1.27586E+03
 1.25586E+03
 1.26100E+03
 1.26671E+03
 1.25957E+03
 1.26629E+03
 1.27214E+03
 1.27686E+03
 1.29286E+03
 1.26386E+03
 1.26400E+03
 1.26186E+03
 1.25614E+03
 1.27371E+03
 1.26900E+03
 1.27671E+03
 1.26686E+03
 1.26186E+03
 1.25800E+03
 1.26629E+03
 1.27800E+03
 1.27986E+03
 1.27200E+03
 1.25629E+03
 1.26500E+03
 1.27200E+03
 1.28543E+03
 1.27886E+03
 1.29443E+03
 1.26800E+03
 1.26857E+03
 1.25629E+03
 1.27014E+03
 1.27157E+03
 1.27400E+03
 1.28414E+03
 1.29100E+03
 1.26600E+03
 1.28486E+03
 1.27829E+03
 1.27857E+03
 1.28929E+03
 1.28143E+03
 1.26457E+03
 1.28071E+03
 1.28171E+03
 1.26086E+03
 1.27800E+03
 1.28371E+03
 1.27400E+03
 1.27257E+03
 1.27157E+03
 1.28557E+03
 1.27043E+03
 1.28614E+03
 1.29871E+03
 1.30129E+03
 1.29257E+03
 1.29971E+03
 1.28143E+03
 1.28100E+03
 1.26671E+03
 1.27686E+03
 1.29486E+03
 1.28614E+03
 1.29200E+03
 1.30286E+03
 1.33829E+03
 2.52543E+03
 1.58114E+03
 1.27829E+03
 1.25429E+03
 1.26329E+03
 1.25714E+03
 1.24771E+03
 1.27371E+03
 1.28671E+03
 1.29543E+03
 1.28457E+03
 1.27786E+03
 1.29486E+03
 1.27986E+03
 1.28914E+03
 1.28886E+03
 1.29171E+03
 1.27643E+03
 1.28300E+03
 1.28629E+03
 1.27686E+03
 1.28871E+03
 1.28729E+03
 1.27586E+03
 1.27986E+03
 1.26986E+03
 1.28471E+03
 1.27986E+03
 1.28214E+03
 1.27871E+03
 1.27714E+03
 1.27943E+03
 1.28129E+03
 1.29300E+03
 1.29943E+03
 1.29814E+03
 1.29229E+03
 1.30371E+03
 1.28686E+03
 1.30071E+03
 1.27629E+03
 1.28257E+03
 1.28471E+03
 1.30143E+03
 1.31257E+03
 1.31329E+03
 1.31229E+03
 1.30729E+03
 1.30057E+03
 1.30043E+03
 1.28400E+03
 1.29286E+03
 1.28786E+03
 1.28286E+03
 1.27886E+03
 1.28329E+03
 1.29271E+03
 1.28829E+03
 1.30086E+03
 1.30786E+03
 1.30614E+03
 1.31043E+03
 1.30300E+03
 1.30629E+03
 1.32086E+03
 1.31686E+03
 1.30600E+03
 1.31214E+03
 1.31357E+03
 1.29443E+03
 1.30143E+03
 1.31357E+03
 1.30714E+03
 1.30571E+03
 1.30343E+03
 1.30529E+03
 1.30500E+03
 1.30700E+03
 1.30071E+03
 1.30486E+03
 1.29843E+03
 1.31143E+03
 1.31386E+03
 1.31643E+03
 1.34900E+03
 1.35257E+03
 1.34871E+03
 1.37857E+03
 1.37014E+03
 1.39100E+03
 1.38843E+03
 1.38243E+03
 1.39000E+03
 1.41700E+03
 1.47557E+03
 1.56686E+03
 1.72429E+03
 1.99971E+03
 2.42643E+03
 2.78814E+03
 2.58171E+03
 1.90329E+03
